49935
49923
49920
49887
49882
49881
49864
49847
49845
49827
49805
49800
49796
49787
49785
49778
49769
49766
49766
49748
49746
49743
49738
49728
49728
49716
49706
49673
49655
49652
49636
49620
49616
49598
49596
49595
49594
49574
49567
49563
49551
49551
49549
49547
49534
49525
49517
49514
49501
49500
49492
49486
49481
49473
49472
49468
49457
49456
49445
49437
49434
49417
49408
49394
49378
49376
49357
49347
49327
49294
49292
49281
49252
49243
49241
49235
49223
49221
49205
49176
49150
49123
49111
49104
49081
49069
49034
49025
49015
49007
49007
48989
48987
48943
48927
48926
48922
48911
48905
48894
48878
48876
48876
48859
48838
48833
48818
48801
48796
48795
48779
48769
48758
48739
48730
48714
48714
48710
48703
48700
48677
48672
48659
48659
48651
48649
48629
48623
48590
48582
48582
48579
48575
48554
48551
48551
48545
48542
48534
48528
48524
48522
48522
48509
48506
48504
48488
48474
48469
48456
48441
48427
48411
48390
48345
48338
48325
48319
48293
48285
48276
48275
48270
48252
48235
48234
48221
48216
48207
48200
48198
48159
48155
48152
48151
48150
48149
48141
48108
48106
48092
48086
48077
48059
48053
48039
48033
48017
48015
48012
48010
48006
48004
47994
47993
47988
47973
47969
47966
47958
47941
47939
47934
47933
47929
47907
47880
47860
47850
47817
47811
47806
47804
47797
47776
47730
47725
47724
47706
47701
47695
47677
47663
47633
47627
47624
47619
47606
47596
47593
47581
47577
47574
47550
47530
47525
47515
47515
47514
47499
47497
47467
47463
47463
47448
47419
47407
47405
47392
47387
47383
47357
47356
47335
47333
47323
47317
47304
47296
47285
47284
47275
47264
47255
47253
47253
47248
47213
47211
47196
47187
47186
47167
47147
47140
47132
47120
47119
47090
47082
47078
47077
47074
47067
47062
47056
47054
47011
46994
46993
46989
46969
46968
46965
46962
46958
46956
46952
46944
46935
46931
46926
46919
46916
46913
46907
46903
46884
46853
46851
46846
46844
46839
46806
46783
46780
46764
46761
46751
46750
46737
46729
46710
46694
46693
46663
46658
46637
46635
46633
46631
46589
46572
46566
46563
46558
46552
46545
46538
46535
46535
46525
46516
46506
46506
46506
46505
46495
46488
46476
46469
46453
46440
46439
46422
46421
46416
46414
46414
46375
46371
46357
46351
46329
46329
46325
46317
46315
46313
46312
46300
46295
46288
46283
46280
46279
46265
46212
46209
46208
46205
46203
46195
46186
46185
46184
46175
46166
46165
46156
46150
46149
46146
46139
46139
46133
46127
46107
46075
46055
46048
46037
46036
46021
46015
46005
45997
45985
45971
45932
45928
45919
45911
45895
45891
45880
45870
45867
45853
45847
45813
45809
45795
45786
45785
45774
45761
45761
45746
45744
45744
45724
45693
45692
45691
45685
45673
45661
45659
45631
45631
45630
45627
45626
45609
45584
45559
45549
45534
45523
45521
45510
45508
45501
45498
45489
45479
45451
45441
45432
45431
45425
45413
45412
45400
45362
45350
45340
45319
45310
45290
45288
45280
45264
45219
45202
45201
45176
45158
45155
45138
45125
45122
45109
45069
45062
45062
45052
45052
45041
45038
45029
45016
45016
45013
44995
44990
44988
44987
44971
44964
44964
44946
44941
44931
44923
44915
44902
44899
44885
44870
44863
44854
44852
44824
44822
44817
44808
44791
44773
44763
44742
44722
44721
44706
44703
44701
44673
44664
44645
44632
44620
44607
44606
44604
44584
44575
44568
44556
44541
44539
44538
44535
44534
44527
44517
44505
44495
44479
44477
44475
44452
44444
44443
44440
44418
44417
44409
44386
44384
44383
44382
44373
44347
44345
44344
44341
44341
44341
44338
44337
44333
44326
44311
44300
44300
44286
44280
44280
44274
44270
44264
44262
44251
44249
44231
44227
44215
44211
44206
44204
44179
44175
44162
44161
44160
44138
44111
44103
44099
44090
44081
44069
44058
44052
44035
44034
44033
44027
44025
44025
44002
43978
43954
43943
43941
43937
43917
43907
43903
43892
43868
43861
43854
43840
43838
43813
43804
43802
43781
43744
43741
43736
43730
43728
43720
43715
43712
43696
43684
43661
43661
43653
43651
43628
43606
43578
43550
43531
43527
43516
43507
43504
43503
43487
43475
43446
43444
43432
43424
43416
43406
43400
43391
43373
43327
43319
43303
43300
43293
43270
43265
43264
43223
43205
43183
43176
43172
43171
43168
43138
43126
43124
43121
43121
43114
43111
43105
43100
43082
43079
43072
43044
43024
42999
42989
42955
42953
42941
42932
42930
42914
42883
42882
42876
42870
42867
42852
42849
42836
42827
42827
42823
42821
42805
42804
42802
42800
42792
42790
42778
42771
42758
42757
42752
42739
42737
42731
42721
42696
42670
42667
42628
42627
42615
42605
42557
42544
42533
42528
42510
42510
42498
42497
42495
42491
42457
42451
42443
42428
42387
42380
42376
42371
42370
42329
42320
42318
42317
42316
42302
42253
42250
42233
42215
42215
42215
42215
42214
42181
42169
42166
42160
42158
42146
42143
42138
42125
42110
42105
42104
42097
42095
42078
42062
42055
42053
42050
42046
42024
42018
42002
41992
41976
41963
41960
41947
41934
41902
41850
41850
41850
41848
41846
41840
41836
41827
41826
41821
41810
41804
41790
41790
41739
41733
41729
41726
41694
41687
41674
41665
41660
41653
41652
41636
41633
41614
41602
41601
41600
41582
41581
41571
41531
41523
41491
41488
41486
41471
41470
41454
41439
41427
41403
41398
41366
41357
41350
41326
41318
41316
41312
41306
41306
41306
41294
41289
41265
41251
41248
41239
41225
41223
41216
41211
41211
41209
41205
41183
41169
41164
41138
41135
41133
41111
41101
41099
41088
41087
41085
41079
41075
41065
41064
41020
41007
41004
41003
41000
40999
40960
40954
40952
40930
40924
40921
40919
40912
40889
40885
40872
40859
40845
40842
40838
40836
40827
40801
40795
40790
40774
40757
40755
40747
40747
40740
40731
40728
40723
40702
40690
40676
40658
40644
40639
40624
40604
40602
40589
40587
40584
40546
40533
40496
40496
40479
40473
40467
40465
40448
40409
40401
40389
40386
40374
40353
40348
40341
40337
40324
40306
40301
40300
40290
40288
40285
40283
40280
40277
40277
40269
40259
40241
40239
40236
40225
40205
40205
40181
40180
40179
40157
40129
40124
40118
40114
40100
40098
40095
40094
40085
40073
40062
40050
40048
40040
40020
40015
40001
40001
39990
39968
39959
39955
39946
39932
39923
39885
39869
39860
39850
39848
39818
39817
39814
39808
39795
39792
39789
39788
39759
39732
39695
39690
39657
39642
39642
39625
39605
39594
39594
39592
39591
39572
39562
39548
39547
39544
39512
39502
39494
39486
39474
39457
39457
39451
39439
39433
39432
39408
39405
39405
39405
39401
39398
39363
39334
39326
39321
39314
39286
39280
39274
39263
39261
39257
39249
39246
39241
39233
39210
39208
39184
39184
39172
39172
39168
39143
39100
39094
39093
39072
39067
39057
39045
39042
39035
38982
38970
38962
38935
38934
38912
38907
38894
38891
38884
38878
38861
38845
38844
38842
38838
38837
38834
38819
38819
38812
38804
38803
38788
38776
38771
38757
38731
38727
38723
38717
38713
38697
38694
38691
38677
38675
38673
38665
38665
38658
38642
38640
38628
38614
38614
38610
38605
38598
38593
38588
38584
38550
38544
38540
38529
38528
38526
38522
38511
38491
38484
38479
38462
38461
38448
38407
38407
38390
38379
38340
38317
38304
38299
38298
38289
38281
38277
38267
38260
38253
38248
38245
38228
38228
38218
38212
38211
38190
38187
38185
38180
38178
38171
38169
38124
38115
38109
38085
38080
38079
38066
38049
38037
38020
38017
38006
37998
37992
37976
37972
37963
37959
37909
37877
37875
37860
37854
37838
37798
37782
37782
37780
37777
37776
37772
37767
37767
37754
37746
37745
37742
37739
37720
37719
37699
37669
37662
37651
37624
37619
37607
37598
37589
37587
37584
37572
37572
37570
37567
37564
37537
37534
37523
37492
37464
37459
37456
37447
37442
37437
37416
37405
37392
37390
37386
37375
37365
37364
37358
37358
37327
37327
37315
37309
37309
37302
37302
37301
37290
37287
37279
37277
37261
37260
37245
37244
37227
37221
37219
37202
37200
37193
37176
37161
37140
37136
37135
37133
37131
37131
37080
37073
37061
37042
37041
37039
37038
37032
37013
36991
36990
36984
36980
36975
36959
36938
36932
36930
36919
36916
36911
36909
36880
36877
36876
36860
36854
36825
36811
36807
36788
36782
36778
36767
36766
36765
36759
36745
36743
36735
36725
36718
36704
36697
36692
36691
36688
36664
36656
36635
36621
36616
36598
36579
36577
36562
36561
36552
36548
36533
36511
36495
36482
36481
36474
36458
36455
36448
36433
36425
36420
36415
36388
36380
36372
36368
36367
36362
36362
36357
36356
36355
36353
36351
36332
36328
36301
36280
36272
36263
36262
36251
36238
36236
36225
36225
36203
36194
36191
36173
36152
36152
36152
36149
36131
36131
36110
36098
36034
36033
36033
36011
36010
35997
35986
35985
35959
35956
35929
35918
35902
35902
35890
35877
35857
35849
35846
35844
35835
35819
35809
35805
35804
35795
35792
35786
35761
35755
35736
35734
35727
35725
35715
35710
35704
35702
35694
35687
35686
35662
35653
35643
35631
35625
35623
35609
35609
35607
35604
35590
35583
35567
35566
35563
35553
35545
35545
35545
35534
35530
35508
35492
35490
35482
35401
35388
35384
35366
35346
35341
35341
35295
35275
35268
35265
35209
35204
35196
35165
35158
35156
35149
35146
35143
35142
35117
35116
35114
35111
35109
35104
35103
35097
35063
35049
35037
35020
35012
34984
34960
34954
34945
34943
34930
34920
34890
34890
34884
34879
34863
34850
34847
34842
34835
34822
34803
34794
34785
34767
34750
34748
34746
34745
34743
34742
34738
34715
34709
34701
34695
34687
34683
34681
34679
34678
34670
34668
34667
34658
34644
34601
34600
34594
34593
34578
34563
34543
34506
34506
34503
34494
34493
34486
34459
34441
34418
34405
34390
34390
34387
34386
34367
34365
34343
34332
34328
34312
34288
34285
34277
34276
34267
34263
34262
34252
34242
34237
34234
34218
34215
34195
34194
34191
34186
34181
34178
34164
34150
34132
34126
34120
34107
34103
34099
34084
34063
34035
34022
34022
34019
34016
33980
33960
33960
33959
33952
33949
33948
33937
33934
33923
33922
33915
33902
33883
33870
33866
33852
33850
33850
33849
33839
33833
33831
33814
33810
33809
33789
33782
33747
33743
33741
33737
33724
33717
33673
33673
33671
33660
33634
33630
33619
33609
33599
33585
33584
33577
33551
33545
33545
33517
33501
33488
33466
33460
33442
33435
33407
33397
33396
33389
33389
33388
33370
33369
33355
33335
33323
33317
33296
33294
33280
33276
33267
33267
33261
33237
33231
33208
33206
33203
33197
33195
33194
33170
33159
33141
33135
33111
33110
33106
33096
33092
33070
33066
33065
33054
33051
33025
33017
33015
33005
32997
32988
32970
32969
32966
32962
32957
32947
32944
32923
32910
32910
32900
32900
32876
32875
32850
32849
32837
32825
32824
32820
32808
32805
32790
32785
32784
32777
32777
32773
32762
32761
32760
32751
32710
32710
32704
32699
32690
32681
32670
32664
32652
32618
32618
32615
32615
32611
32592
32569
32565
32545
32543
32542
32538
32530
32528
32527
32526
32522
32506
32486
32479
32465
32460
32434
32434
32418
32413
32404
32399
32397
32393
32372
32358
32353
32335
32331
32295
32286
32254
32249
32242
32241
32240
32228
32220
32208
32192
32189
32188
32187
32176
32175
32154
32151
32130
32129
32121
32100
32095
32094
32088
32084
32054
32054
32045
32040
32039
32034
32030
32028
32023
32012
32011
32004
31995
31958
31952
31951
31942
31939
31916
31900
31900
31892
31891
31883
31883
31879
31867
31865
31861
31856
31856
31855
31847
31813
31810
31808
31805
31797
31782
31767
31750
31740
31688
31674
31669
31668
31655
31640
31636
31632
31628
31626
31619
31612
31600
31578
31574
31561
31526
31523
31506
31504
31498
31480
31480
31471
31466
31461
31455
31450
31436
31413
31399
31399
31383
31365
31355
31350
31349
31310
31308
31306
31291
31274
31271
31267
31257
31241
31227
31220
31215
31194
31174
31164
31162
31155
31138
31133
31131
31121
31119
31113
31101
31100
31057
31054
31044
31038
31028
31002
31001
30987
30979
30966
30961
30959
30951
30945
30933
30929
30923
30922
30921
30918
30885
30883
30873
30871
30871
30832
30823
30823
30818
30813
30799
30787
30781
30778
30753
30733
30723
30721
30720
30719
30712
30700
30690
30685
30683
30681
30638
30636
30636
30628
30626
30621
30597
30587
30581
30580
30560
30551
30551
30534
30503
30492
30491
30478
30459
30432
30428
30405
30399
30370
30352
30348
30343
30341
30330
30324
30323
30315
30305
30303
30289
30286
30277
30269
30262
30259
30241
30207
30199
30193
30184
30169
30168
30168
30163
30149
30139
30130
30123
30121
30120
30105
30103
30090
30087
30078
30071
30060
30059
30057
30054
30045
30044
30038
30033
29946
29919
29919
29911
29865
29862
29862
29860
29860
29857
29854
29834
29826
29826
29814
29800
29793
29789
29740
29678
29654
29649
29646
29619
29616
29593
29586
29573
29570
29561
29547
29532
29530
29517
29504
29500
29500
29480
29465
29455
29452
29450
29444
29439
29436
29428
29407
29392
29377
29369
29367
29359
29349
29337
29336
29328
29324
29318
29300
29286
29264
29261
29246
29244
29243
29237
29212
29199
29193
29185
29185
29156
29154
29154
29147
29136
29131
29130
29119
29110
29107
29099
29093
29091
29090
29076
29071
29051
29043
29018
29005
29004
28998
28985
28962
28961
28942
28927
28921
28920
28917
28915
28902
28894
28891
28888
28878
28859
28859
28852
28848
28835
28824
28822
28807
28800
28787
28780
28777
28769
28711
28710
28708
28708
28692
28690
28668
28639
28631
28622
28586
28585
28575
28543
28537
28520
28506
28499
28490
28484
28465
28449
28438
28433
28420
28418
28409
28401
28398
28394
28393
28390
28381
28365
28357
28356
28355
28355
28353
28345
28334
28307
28286
28285
28278
28269
28265
28265
28235
28231
28225
28216
28186
28184
28181
28181
28178
28173
28171
28161
28146
28134
28134
28123
28121
28113
28091
28086
28086
28080
28069
28067
28067
28062
28031
28012
28001
27993
27989
27986
27984
27975
27969
27959
27917
27892
27892
27881
27879
27861
27842
27823
27806
27803
27766
27756
27751
27722
27707
27694
27691
27667
27666
27662
27662
27657
27656
27656
27645
27644
27641
27630
27592
27584
27582
27576
27567
27554
27540
27532
27526
27526
27498
27492
27475
27472
27467
27467
27464
27463
27462
27443
27434
27432
27431
27425
27421
27408
27407
27396
27393
27389
27379
27357
27356
27356
27344
27332
27330
27314
27297
27290
27280
27274
27264
27224
27208
27177
27140
27115
27113
27112
27086
27085
27083
27082
27080
27069
27020
27019
27012
27007
27003
26993
26990
26989
26979
26965
26957
26937
26934
26933
26930
26930
26926
26925
26924
26900
26869
26864
26852
26845
26844
26832
26832
26831
26830
26821
26806
26795
26783
26782
26782
26768
26742
26736
26728
26721
26718
26694
26673
26665
26647
26633
26627
26623
26618
26614
26597
26570
26568
26562
26543
26525
26512
26504
26497
26484
26484
26476
26474
26472
26468
26439
26419
26407
26393
26390
26387
26386
26381
26376
26367
26355
26354
26340
26318
26308
26294
26289
26252
26249
26246
26226
26222
26221
26188
26179
26179
26176
26170
26167
26164
26162
26159
26153
26137
26133
26115
26089
26086
26082
26079
26053
26045
26044
26037
26031
26016
26004
26003
25998
25997
25995
25993
25977
25970
25968
25965
25957
25954
25953
25934
25922
25914
25911
25905
25885
25879
25876
25872
25834
25816
25767
25765
25754
25750
25732
25730
25716
25706
25686
25685
25684
25671
25643
25638
25629
25614
25613
25613
25611
25611
25606
25606
25603
25601
25597
25597
25579
25565
25551
25538
25530
25525
25519
25516
25504
25496
25493
25492
25487
25476
25435
25420
25410
25410
25401
25397
25373
25372
25350
25348
25344
25335
25323
25312
25309
25305
25295
25284
25246
25239
25221
25198
25195
25175
25165
25150
25132
25110
25107
25102
25097
25085
25074
25053
25029
25023
25019
25014
24998
24995
24972
24948
24947
24945
24919
24913
24889
24888
24881
24878
24876
24873
24861
24859
24835
24821
24814
24814
24804
24791
24780
24779
24774
24773
24732
24727
24727
24715
24713
24708
24695
24694
24692
24667
24649
24645
24638
24614
24610
24604
24601
24588
24573
24572
24570
24548
24542
24525
24510
24509
24490
24489
24475
24445
24427
24404
24401
24385
24384
24374
24370
24363
24361
24344
24338
24334
24330
24329
24324
24316
24314
24304
24301
24294
24293
24293
24282
24266
24264
24257
24250
24249
24237
24234
24220
24210
24178
24176
24174
24156
24151
24149
24147
24143
24142
24123
24107
24101
24083
24055
24048
24026
24025
24014
24011
23993
23990
23985
23977
23973
23967
23943
23935
23933
23923
23922
23897
23868
23852
23847
23804
23796
23795
23770
23769
23749
23735
23731
23718
23711
23697
23696
23689
23677
23670
23666
23655
23632
23621
23618
23616
23612
23605
23585
23574
23549
23543
23520
23496
23488
23463
23459
23453
23429
23420
23411
23409
23392
23378
23352
23348
23337
23334
23312
23307
23301
23279
23260
23259
23220
23218
23218
23213
23197
23193
23187
23184
23178
23123
23109
23108
23102
23092
23088
23058
23052
23046
23036
23023
23020
23011
22984
22978
22968
22965
22952
22939
22909
22896
22883
22875
22872
22869
22861
22857
22808
22802
22799
22750
22750
22742
22742
22738
22732
22731
22727
22714
22712
22708
22693
22686
22677
22669
22663
22652
22620
22608
22606
22604
22577
22576
22560
22555
22554
22546
22532
22530
22492
22473
22442
22418
22397
22396
22342
22330
22296
22295
22293
22288
22265
22261
22259
22249
22196
22157
22147
22144
22140
22115
22109
22106
22106
22096
22095
22094
22091
22074
22067
22056
22054
22052
22043
22042
22039
22033
22015
22011
22005
21991
21959
21943
21942
21935
21934
21933
21928
21914
21911
21902
21894
21887
21886
21874
21870
21865
21849
21841
21835
21824
21806
21790
21786
21767
21766
21748
21742
21734
21731
21730
21729
21710
21708
21701
21691
21688
21681
21674
21670
21669
21665
21663
21662
21646
21622
21609
21574
21570
21554
21550
21545
21527
21517
21515
21490
21486
21483
21476
21462
21444
21439
21439
21439
21434
21395
21392
21391
21375
21357
21353
21351
21341
21337
21337
21332
21328
21262
21261
21253
21250
21233
21227
21222
21205
21203
21197
21153
21137
21104
21085
21069
21060
21058
21057
21057
21045
21028
21028
21025
21010
20987
20975
20965
20943
20942
20935
20935
20934
20921
20911
20905
20899
20889
20883
20873
20873
20872
20790
20774
20759
20755
20743
20740
20738
20722
20721
20721
20716
20710
20706
20702
20696
20693
20670
20645
20623
20611
20609
20588
20572
20549
20537
20536
20533
20533
20516
20501
20492
20471
20468
20464
20460
20458
20457
20448
20441
20426
20419
20416
20400
20395
20363
20357
20349
20336
20328
20310
20298
20290
20288
20279
20273
20261
20254
20235
20227
20218
20205
20205
20185
20175
20170
20169
20157
20155
20125
20121
20121
20109
20107
20096
20096
20088
20054
20050
20031
20028
20025
20025
20018
20014
19987
19985
19979
19962
19933
19932
19920
19917
19911
19910
19897
19892
19882
19863
19845
19844
19829
19827
19819
19819
19818
19814
19800
19768
19761
19761
19753
19743
19738
19733
19708
19681
19678
19670
19666
19660
19649
19647
19632
19617
19579
19562
19550
19544
19542
19542
19541
19524
19499
19496
19495
19488
19485
19465
19448
19446
19436
19427
19418
19358
19339
19337
19312
19301
19249
19248
19247
19239
19238
19235
19227
19220
19220
19219
19209
19209
19187
19175
19165
19162
19149
19145
19143
19132
19111
19105
19100
19096
19089
19081
19073
19063
19059
19044
19043
19033
19020
19015
18998
18995
18990
18990
18968
18956
18947
18940
18901
18890
18881
18854
18848
18840
18827
18819
18814
18787
18783
18782
18770
18756
18754
18750
18730
18726
18716
18710
18708
18704
18696
18693
18690
18682
18677
18668
18660
18660
18644
18642
18642
18631
18622
18616
18612
18609
18601
18599
18592
18585
18585
18560
18559
18522
18520
18504
18498
18496
18480
18470
18464
18459
18458
18456
18445
18440
18412
18406
18389
18384
18371
18364
18355
18342
18336
18332
18326
18310
18296
18293
18291
18278
18277
18267
18245
18239
18217
18197
18189
18187
18186
18177
18161
18158
18156
18146
18135
18131
18088
18086
18078
18072
18067
18052
18051
18034
18017
18002
18001
17998
17959
17936
17926
17860
17849
17842
17829
17813
17807
17807
17789
17771
17768
17755
17749
17747
17728
17727
17721
17713
17706
17703
17700
17698
17697
17689
17668
17666
17659
17649
17648
17634
17620
17614
17608
17598
17578
17566
17561
17551
17537
17529
17512
17506
17505
17461
17430
17428
17408
17390
17390
17376
17362
17359
17351
17347
17339
17338
17315
17304
17304
17256
17248
17239
17223
17222
17198
17195
17195
17179
17174
17171
17163
17157
17145
17143
17137
17122
17121
17108
17102
17101
17088
17084
17080
17080
17055
17037
17036
17024
17015
17013
16978
16955
16950
16930
16929
16905
16903
16862
16846
16838
16837
16827
16826
16806
16798
16773
16764
16740
16739
16734
16729
16724
16717
16692
16673
16668
16658
16632
16630
16616
16608
16607
16602
16599
16586
16584
16569
16548
16523
16521
16521
16515
16499
16497
16493
16489
16486
16485
16480
16476
16475
16475
16466
16453
16450
16446
16439
16432
16430
16424
16416
16409
16398
16397
16393
16386
16383
16376
16373
16351
16338
16336
16321
16316
16309
16306
16281
16269
16268
16257
16253
16246
16237
16233
16212
16212
16210
16206
16205
16195
16194
16193
16193
16185
16168
16161
16144
16140
16135
16115
16112
16100
16077
16071
16068
16054
16051
16051
16044
16042
16033
16011
16000
15994
15987
15949
15947
15932
15918
15909
15887
15886
15882
15877
15876
15867
15844
15838
15837
15815
15783
15758
15752
15740
15732
15722
15710
15710
15681
15679
15674
15668
15654
15647
15644
15640
15607
15606
15588
15566
15525
15517
15512
15508
15507
15490
15489
15480
15476
15453
15453
15445
15441
15437
15436
15436
15435
15432
15426
15418
15416
15416
15416
15411
15407
15405
15384
15384
15383
15366
15353
15336
15328
15305
15268
15239
15238
15206
15158
15157
15146
15140
15139
15129
15124
15111
15109
15106
15084
15080
15072
15035
15030
15023
15022
15015
15002
14995
14962
14949
14934
14929
14928
14923
14923
14910
14904
14890
14881
14879
14871
14867
14865
14849
14826
14825
14788
14784
14780
14766
14765
14751
14727
14715
14712
14703
14701
14694
14685
14676
14652
14645
14638
14624
14588
14580
14566
14530
14524
14523
14522
14522
14508
14498
14488
14487
14469
14459
14451
14434
14426
14420
14393
14377
14369
14362
14352
14341
14329
14324
14316
14301
14298
14288
14279
14279
14273
14266
14263
14263
14259
14257
14247
14241
14232
14218
14218
14179
14178
14165
14131
14131
14123
14123
14114
14114
14108
14089
14088
14075
14064
14060
14057
14037
14021
14018
14012
13994
13979
13978
13959
13952
13922
13918
13908
13907
13900
13873
13870
13868
13867
13860
13856
13833
13828
13810
13800
13795
13784
13777
13773
13768
13761
13752
13742
13716
13668
13643
13640
13636
13636
13618
13602
13593
13591
13588
13581
13574
13565
13525
13519
13505
13497
13485
13485
13483
13482
13463
13459
13457
13422
13416
13397
13394
13380
13373
13371
13363
13362
13351
13343
13322
13312
13309
13302
13285
13280
13280
13279
13278
13277
13277
13266
13261
13261
13259
13243
13241
13160
13153
13137
13135
13123
13121
13120
13119
13103
13096
13090
13055
13034
13022
13021
12997
12988
12976
12971
12970
12966
12937
12921
12904
12903
12862
12837
12835
12834
12834
12813
12811
12808
12804
12804
12781
12780
12779
12773
12771
12765
12755
12751
12715
12709
12698
12689
12685
12671
12656
12644
12644
12621
12610
12602
12593
12586
12581
12575
12572
12571
12568
12560
12557
12529
12504
12494
12493
12480
12472
12444
12429
12424
12413
12407
12381
12374
12371
12371
12361
12346
12317
12315
12298
12293
12272
12260
12254
12254
12254
12252
12248
12228
12225
12216
12207
12201
12194
12182
12170
12157
12142
12124
12107
12088
12083
12063
12050
12042
12007
12000
11991
11985
11956
11949
11919
11905
11897
11890
11882
11870
11861
11849
11843
11842
11827
11823
11815
11802
11793
11780
11776
11773
11772
11765
11765
11763
11761
11756
11750
11747
11729
11719
11705
11662
11646
11643
11638
11635
11627
11616
11614
11602
11588
11584
11573
11555
11549
11533
11523
11511
11509
11486
11470
11465
11462
11462
11420
11417
11414
11413
11401
11391
11391
11390
11387
11376
11374
11366
11362
11356
11350
11349
11341
11334
11319
11313
11308
11302
11285
11276
11272
11258
11242
11230
11201
11192
11191
11189
11166
11165
11149
11147
11131
11100
11089
11085
11071
11031
11013
11005
11001
10995
10994
10981
10978
10976
10975
10948
10948
10931
10916
10912
10903
10901
10873
10836
10803
10758
10755
10746
10741
10738
10726
10720
10713
10674
10672
10670
10670
10670
10670
10664
10640
10632
10612
10568
10558
10545
10532
10523
10514
10492
10482
10457
10456
10453
10430
10423
10418
10414
10400
10381
10369
10352
10350
10348
10332
10323
10305
10304
10274
10237
10235
10229
10224
10197
10189
10186
10179
10179
10168
10165
10148
10144
10135
10135
10126
10109
10104
10102
10074
10072
10071
10070
10065
10042
10038
10032
10021
10014
10002
9983
9980
9951
9941
9937
9937
9923
9911
9903
9893
9884
9883
9882
9875
9868
9860
9851
9842
9823
9823
9823
9809
9808
9794
9778
9755
9747
9745
9732
9709
9684
9683
9681
9680
9671
9671
9666
9661
9648
9642
9632
9623
9616
9616
9612
9572
9563
9538
9526
9519
9517
9517
9506
9497
9472
9465
9455
9438
9432
9399
9398
9391
9390
9387
9370
9334
9333
9323
9307
9291
9281
9278
9275
9264
9253
9245
9245
9227
9218
9215
9214
9213
9211
9200
9198
9187
9185
9160
9150
9141
9132
9115
9094
9091
9071
9068
9057
9038
9026
9016
8992
8990
8978
8966
8951
8923
8900
8890
8885
8883
8845
8803
8798
8797
8772
8770
8759
8758
8741
8716
8706
8702
8699
8694
8688
8687
8674
8668
8665
8652
8652
8648
8641
8640
8629
8620
8619
8601
8580
8574
8573
8573
8571
8568
8566
8561
8548
8543
8531
8523
8509
8483
8480
8471
8471
8468
8460
8451
8435
8414
8397
8397
8382
8376
8371
8367
8334
8328
8314
8297
8286
8283
8278
8272
8269
8261
8257
8254
8244
8244
8227
8212
8197
8195
8183
8158
8157
8154
8148
8135
8113
8113
8105
8097
8094
8059
8030
8015
8013
8012
8009
7963
7937
7936
7930
7924
7922
7921
7898
7895
7869
7836
7816
7808
7802
7792
7786
7776
7773
7769
7768
7749
7741
7734
7700
7698
7689
7678
7665
7660
7638
7628
7628
7610
7608
7590
7584
7574
7568
7565
7565
7563
7532
7532
7530
7529
7528
7520
7498
7493
7491
7479
7466
7462
7461
7448
7411
7400
7395
7377
7376
7375
7365
7344
7339
7311
7305
7298
7296
7283
7270
7263
7258
7253
7239
7236
7231
7227
7200
7190
7187
7187
7151
7148
7144
7137
7134
7120
7078
7073
7068
7058
7038
7038
7038
7036
7010
6995
6993
6983
6982
6978
6959
6953
6952
6950
6950
6949
6930
6888
6888
6872
6838
6835
6827
6808
6804
6789
6777
6776
6749
6746
6742
6736
6731
6715
6710
6708
6707
6706
6699
6697
6687
6674
6669
6659
6635
6628
6624
6622
6621
6618
6616
6612
6574
6574
6572
6540
6536
6533
6529
6528
6519
6518
6515
6512
6510
6503
6494
6488
6488
6479
6470
6469
6465
6463
6463
6450
6439
6437
6434
6431
6431
6410
6406
6396
6395
6384
6383
6373
6361
6352
6326
6312
6290
6285
6281
6273
6262
6249
6248
6239
6223
6209
6200
6188
6163
6161
6154
6149
6144
6140
6131
6125
6124
6105
6094
6065
6029
6011
6008
6006
6001
5987
5983
5975
5972
5961
5961
5960
5953
5950
5945
5926
5918
5902
5892
5882
5881
5881
5865
5839
5835
5832
5829
5829
5826
5798
5796
5794
5759
5754
5740
5737
5737
5734
5729
5716
5709
5708
5708
5706
5704
5683
5649
5649
5616
5610
5594
5592
5584
5543
5535
5520
5518
5518
5512
5496
5454
5425
5421
5411
5411
5404
5392
5329
5327
5315
5295
5292
5258
5249
5240
5231
5228
5213
5202
5184
5180
5172
5162
5162
5158
5142
5128
5128
5127
5115
5107
5105
5080
5077
5045
5024
5020
5020
5019
5004
4994
4986
4972
4972
4970
4970
4951
4944
4928
4926
4923
4920
4910
4896
4870
4867
4854
4836
4818
4812
4801
4801
4797
4781
4777
4768
4758
4734
4719
4718
4715
4706
4689
4677
4671
4667
4653
4639
4628
4626
4598
4587
4586
4580
4574
4553
4505
4501
4495
4482
4469
4469
4467
4443
4442
4430
4429
4428
4419
4416
4397
4391
4389
4374
4355
4345
4334
4328
4323
4323
4319
4315
4306
4304
4303
4285
4282
4273
4263
4249
4233
4221
4218
4199
4193
4191
4185
4177
4159
4157
4150
4147
4145
4143
4142
4133
4126
4123
4113
4101
4088
4087
4082
4077
4076
4060
4042
4006
3999
3991
3978
3962
3949
3944
3887
3879
3875
3843
3829
3819
3815
3806
3799
3788
3775
3774
3773
3756
3738
3736
3718
3704
3703
3700
3682
3665
3662
3643
3642
3632
3612
3607
3585
3581
3581
3574
3540
3538
3535
3530
3527
3524
3519
3518
3503
3481
3476
3470
3460
3434
3434
3426
3412
3402
3394
3388
3375
3365
3341
3324
3309
3266
3261
3261
3255
3248
3227
3218
3210
3209
3205
3200
3198
3197
3196
3189
3168
3165
3164
3161
3110
3094
3062
3045
3043
3043
3040
3036
3034
3028
3018
3013
3011
3005
3001
3000
2980
2979
2978
2956
2956
2943
2931
2925
2921
2904
2902
2895
2895
2891
2885
2875
2856
2839
2837
2825
2820
2798
2781
2776
2762
2749
2739
2737
2721
2702
2682
2674
2659
2641
2638
2631
2623
2622
2617
2614
2612
2605
2580
2571
2569
2561
2554
2550
2536
2536
2521
2506
2490
2481
2456
2446
2440
2432
2428
2420
2407
2401
2397
2386
2379
2379
2354
2320
2310
2262
2235
2233
2224
2217
2212
2206
2194
2182
2175
2174
2168
2162
2158
2148
2128
2128
2122
2104
2089
2072
2070
2039
2021
2019
2010
2008
2002
1985
1976
1970
1963
1962
1954
1951
1951
1940
1912
1909
1901
1886
1862
1841
1837
1828
1819
1814
1801
1794
1791
1791
1786
1774
1768
1766
1765
1761
1760
1714
1710
1687
1684
1673
1669
1663
1662
1659
1656
1652
1640
1634
1629
1618
1605
1602
1588
1579
1575
1541
1536
1510
1492
1479
1470
1466
1464
1462
1458
1453
1450
1445
1443
1427
1422
1415
1415
1414
1399
1391
1383
1374
1358
1322
1307
1301
1298
1286
1276
1275
1269
1251
1248
1242
1227
1208
1198
1195
1188
1178
1177
1175
1175
1175
1165
1165
1162
1157
1140
1135
1124
1121
1102
1101
1097
1090
1060
1056
996
988
979
975
967
964
949
945
932
924
924
922
919
914
904
889
864
853
852
850
849
836
819
814
810
790
776
775
752
714
689
670
667
645
635
622
590
584
580
577
560
552
551
550
547
528
508
484
472
471
470
461
412
407
388
388
387
382
361
354
304
297
296
293
290
277
274
243
236
220
211
209
201
195
171
169
162
156
150
147
144
138
132
128
123
122
118
115
91
79
69
60
56
4
