4
56
60
69
79
91
115
118
122
123
128
132
138
144
147
150
156
162
169
171
195
201
209
211
220
236
243
274
277
290
293
296
297
304
354
361
382
387
388
388
407
412
461
470
471
472
484
508
528
547
550
551
552
560
577
580
584
590
622
635
645
667
670
689
714
752
775
776
790
810
814
819
836
849
850
852
853
864
889
904
914
919
922
924
924
932
945
949
964
967
975
979
988
996
1056
1060
1090
1097
1101
1102
1121
1124
1135
1140
1157
1162
1165
1165
1175
1175
1175
1177
1178
1188
1195
1198
1208
1227
1242
1248
1251
1269
1275
1276
1286
1298
1301
1307
1322
1358
1374
1383
1391
1399
1414
1415
1415
1422
1427
1443
1445
1450
1453
1458
1462
1464
1466
1470
1479
1492
1510
1536
1541
1575
1579
1588
1602
1605
1618
1629
1634
1640
1652
1656
1659
1662
1663
1669
1673
1684
1687
1710
1714
1760
1761
1765
1766
1768
1774
1786
1791
1791
1794
1801
1814
1819
1828
1837
1841
1862
1886
1901
1909
1912
1940
1951
1951
1954
1962
1963
1970
1976
1985
2002
2008
2010
2019
2021
2039
2070
2072
2089
2104
2122
2128
2128
2148
2158
2162
2168
2174
2175
2182
2194
2206
2212
2217
2224
2233
2235
2262
2310
2320
2354
2379
2379
2386
2397
2401
2407
2420
2428
2432
2440
2446
2456
2481
2490
2506
2521
2536
2536
2550
2554
2561
2569
2571
2580
2605
2612
2614
2617
2622
2623
2631
2638
2641
2659
2674
2682
2702
2721
2737
2739
2749
2762
2776
2781
2798
2820
2825
2837
2839
2856
2875
2885
2891
2895
2895
2902
2904
2921
2925
2931
2943
2956
2956
2978
2979
2980
3000
3001
3005
3011
3013
3018
3028
3034
3036
3040
3043
3043
3045
3062
3094
3110
3161
3164
3165
3168
3189
3196
3197
3198
3200
3205
3209
3210
3218
3227
3248
3255
3261
3261
3266
3309
3324
3341
3365
3375
3388
3394
3402
3412
3426
3434
3434
3460
3470
3476
3481
3503
3518
3519
3524
3527
3530
3535
3538
3540
3574
3581
3581
3585
3607
3612
3632
3642
3643
3662
3665
3682
3700
3703
3704
3718
3736
3738
3756
3773
3774
3775
3788
3799
3806
3815
3819
3829
3843
3875
3879
3887
3944
3949
3962
3978
3991
3999
4006
4042
4060
4076
4077
4082
4087
4088
4101
4113
4123
4126
4133
4142
4143
4145
4147
4150
4157
4159
4177
4185
4191
4193
4199
4218
4221
4233
4249
4263
4273
4282
4285
4303
4304
4306
4315
4319
4323
4323
4328
4334
4345
4355
4374
4389
4391
4397
4416
4419
4428
4429
4430
4442
4443
4467
4469
4469
4482
4495
4501
4505
4553
4574
4580
4586
4587
4598
4626
4628
4639
4653
4667
4671
4677
4689
4706
4715
4718
4719
4734
4758
4768
4777
4781
4797
4801
4801
4812
4818
4836
4854
4867
4870
4896
4910
4920
4923
4926
4928
4944
4951
4970
4970
4972
4972
4986
4994
5004
5019
5020
5020
5024
5045
5077
5080
5105
5107
5115
5127
5128
5128
5142
5158
5162
5162
5172
5180
5184
5202
5213
5228
5231
5240
5249
5258
5292
5295
5315
5327
5329
5392
5404
5411
5411
5421
5425
5454
5496
5512
5518
5518
5520
5535
5543
5584
5592
5594
5610
5616
5649
5649
5683
5704
5706
5708
5708
5709
5716
5729
5734
5737
5737
5740
5754
5759
5794
5796
5798
5826
5829
5829
5832
5835
5839
5865
5881
5881
5882
5892
5902
5918
5926
5945
5950
5953
5960
5961
5961
5972
5975
5983
5987
6001
6006
6008
6011
6029
6065
6094
6105
6124
6125
6131
6140
6144
6149
6154
6161
6163
6188
6200
6209
6223
6239
6248
6249
6262
6273
6281
6285
6290
6312
6326
6352
6361
6373
6383
6384
6395
6396
6406
6410
6431
6431
6434
6437
6439
6450
6463
6463
6465
6469
6470
6479
6488
6488
6494
6503
6510
6512
6515
6518
6519
6528
6529
6533
6536
6540
6572
6574
6574
6612
6616
6618
6621
6622
6624
6628
6635
6659
6669
6674
6687
6697
6699
6706
6707
6708
6710
6715
6731
6736
6742
6746
6749
6776
6777
6789
6804
6808
6827
6835
6838
6872
6888
6888
6930
6949
6950
6950
6952
6953
6959
6978
6982
6983
6993
6995
7010
7036
7038
7038
7038
7058
7068
7073
7078
7120
7134
7137
7144
7148
7151
7187
7187
7190
7200
7227
7231
7236
7239
7253
7258
7263
7270
7283
7296
7298
7305
7311
7339
7344
7365
7375
7376
7377
7395
7400
7411
7448
7461
7462
7466
7479
7491
7493
7498
7520
7528
7529
7530
7532
7532
7563
7565
7565
7568
7574
7584
7590
7608
7610
7628
7628
7638
7660
7665
7678
7689
7698
7700
7734
7741
7749
7768
7769
7773
7776
7786
7792
7802
7808
7816
7836
7869
7895
7898
7921
7922
7924
7930
7936
7937
7963
8009
8012
8013
8015
8030
8059
8094
8097
8105
8113
8113
8135
8148
8154
8157
8158
8183
8195
8197
8212
8227
8244
8244
8254
8257
8261
8269
8272
8278
8283
8286
8297
8314
8328
8334
8367
8371
8376
8382
8397
8397
8414
8435
8451
8460
8468
8471
8471
8480
8483
8509
8523
8531
8543
8548
8561
8566
8568
8571
8573
8573
8574
8580
8601
8619
8620
8629
8640
8641
8648
8652
8652
8665
8668
8674
8687
8688
8694
8699
8702
8706
8716
8741
8758
8759
8770
8772
8797
8798
8803
8845
8883
8885
8890
8900
8923
8951
8966
8978
8990
8992
9016
9026
9038
9057
9068
9071
9091
9094
9115
9132
9141
9150
9160
9185
9187
9198
9200
9211
9213
9214
9215
9218
9227
9245
9245
9253
9264
9275
9278
9281
9291
9307
9323
9333
9334
9370
9387
9390
9391
9398
9399
9432
9438
9455
9465
9472
9497
9506
9517
9517
9519
9526
9538
9563
9572
9612
9616
9616
9623
9632
9642
9648
9661
9666
9671
9671
9680
9681
9683
9684
9709
9732
9745
9747
9755
9778
9794
9808
9809
9823
9823
9823
9842
9851
9860
9868
9875
9882
9883
9884
9893
9903
9911
9923
9937
9937
9941
9951
9980
9983
10002
10014
10021
10032
10038
10042
10065
10070
10071
10072
10074
10102
10104
10109
10126
10135
10135
10144
10148
10165
10168
10179
10179
10186
10189
10197
10224
10229
10235
10237
10274
10304
10305
10323
10332
10348
10350
10352
10369
10381
10400
10414
10418
10423
10430
10453
10456
10457
10482
10492
10514
10523
10532
10545
10558
10568
10612
10632
10640
10664
10670
10670
10670
10670
10672
10674
10713
10720
10726
10738
10741
10746
10755
10758
10803
10836
10873
10901
10903
10912
10916
10931
10948
10948
10975
10976
10978
10981
10994
10995
11001
11005
11013
11031
11071
11085
11089
11100
11131
11147
11149
11165
11166
11189
11191
11192
11201
11230
11242
11258
11272
11276
11285
11302
11308
11313
11319
11334
11341
11349
11350
11356
11362
11366
11374
11376
11387
11390
11391
11391
11401
11413
11414
11417
11420
11462
11462
11465
11470
11486
11509
11511
11523
11533
11549
11555
11573
11584
11588
11602
11614
11616
11627
11635
11638
11643
11646
11662
11705
11719
11729
11747
11750
11756
11761
11763
11765
11765
11772
11773
11776
11780
11793
11802
11815
11823
11827
11842
11843
11849
11861
11870
11882
11890
11897
11905
11919
11949
11956
11985
11991
12000
12007
12042
12050
12063
12083
12088
12107
12124
12142
12157
12170
12182
12194
12201
12207
12216
12225
12228
12248
12252
12254
12254
12254
12260
12272
12293
12298
12315
12317
12346
12361
12371
12371
12374
12381
12407
12413
12424
12429
12444
12472
12480
12493
12494
12504
12529
12557
12560
12568
12571
12572
12575
12581
12586
12593
12602
12610
12621
12644
12644
12656
12671
12685
12689
12698
12709
12715
12751
12755
12765
12771
12773
12779
12780
12781
12804
12804
12808
12811
12813
12834
12834
12835
12837
12862
12903
12904
12921
12937
12966
12970
12971
12976
12988
12997
13021
13022
13034
13055
13090
13096
13103
13119
13120
13121
13123
13135
13137
13153
13160
13241
13243
13259
13261
13261
13266
13277
13277
13278
13279
13280
13280
13285
13302
13309
13312
13322
13343
13351
13362
13363
13371
13373
13380
13394
13397
13416
13422
13457
13459
13463
13482
13483
13485
13485
13497
13505
13519
13525
13565
13574
13581
13588
13591
13593
13602
13618
13636
13636
13640
13643
13668
13716
13742
13752
13761
13768
13773
13777
13784
13795
13800
13810
13828
13833
13856
13860
13867
13868
13870
13873
13900
13907
13908
13918
13922
13952
13959
13978
13979
13994
14012
14018
14021
14037
14057
14060
14064
14075
14088
14089
14108
14114
14114
14123
14123
14131
14131
14165
14178
14179
14218
14218
14232
14241
14247
14257
14259
14263
14263
14266
14273
14279
14279
14288
14298
14301
14316
14324
14329
14341
14352
14362
14369
14377
14393
14420
14426
14434
14451
14459
14469
14487
14488
14498
14508
14522
14522
14523
14524
14530
14566
14580
14588
14624
14638
14645
14652
14676
14685
14694
14701
14703
14712
14715
14727
14751
14765
14766
14780
14784
14788
14825
14826
14849
14865
14867
14871
14879
14881
14890
14904
14910
14923
14923
14928
14929
14934
14949
14962
14995
15002
15015
15022
15023
15030
15035
15072
15080
15084
15106
15109
15111
15124
15129
15139
15140
15146
15157
15158
15206
15238
15239
15268
15305
15328
15336
15353
15366
15383
15384
15384
15405
15407
15411
15416
15416
15416
15418
15426
15432
15435
15436
15436
15437
15441
15445
15453
15453
15476
15480
15489
15490
15507
15508
15512
15517
15525
15566
15588
15606
15607
15640
15644
15647
15654
15668
15674
15679
15681
15710
15710
15722
15732
15740
15752
15758
15783
15815
15837
15838
15844
15867
15876
15877
15882
15886
15887
15909
15918
15932
15947
15949
15987
15994
16000
16011
16033
16042
16044
16051
16051
16054
16068
16071
16077
16100
16112
16115
16135
16140
16144
16161
16168
16185
16193
16193
16194
16195
16205
16206
16210
16212
16212
16233
16237
16246
16253
16257
16268
16269
16281
16306
16309
16316
16321
16336
16338
16351
16373
16376
16383
16386
16393
16397
16398
16409
16416
16424
16430
16432
16439
16446
16450
16453
16466
16475
16475
16476
16480
16485
16486
16489
16493
16497
16499
16515
16521
16521
16523
16548
16569
16584
16586
16599
16602
16607
16608
16616
16630
16632
16658
16668
16673
16692
16717
16724
16729
16734
16739
16740
16764
16773
16798
16806
16826
16827
16837
16838
16846
16862
16903
16905
16929
16930
16950
16955
16978
17013
17015
17024
17036
17037
17055
17080
17080
17084
17088
17101
17102
17108
17121
17122
17137
17143
17145
17157
17163
17171
17174
17179
17195
17195
17198
17222
17223
17239
17248
17256
17304
17304
17315
17338
17339
17347
17351
17359
17362
17376
17390
17390
17408
17428
17430
17461
17505
17506
17512
17529
17537
17551
17561
17566
17578
17598
17608
17614
17620
17634
17648
17649
17659
17666
17668
17689
17697
17698
17700
17703
17706
17713
17721
17727
17728
17747
17749
17755
17768
17771
17789
17807
17807
17813
17829
17842
17849
17860
17926
17936
17959
17998
18001
18002
18017
18034
18051
18052
18067
18072
18078
18086
18088
18131
18135
18146
18156
18158
18161
18177
18186
18187
18189
18197
18217
18239
18245
18267
18277
18278
18291
18293
18296
18310
18326
18332
18336
18342
18355
18364
18371
18384
18389
18406
18412
18440
18445
18456
18458
18459
18464
18470
18480
18496
18498
18504
18520
18522
18559
18560
18585
18585
18592
18599
18601
18609
18612
18616
18622
18631
18642
18642
18644
18660
18660
18668
18677
18682
18690
18693
18696
18704
18708
18710
18716
18726
18730
18750
18754
18756
18770
18782
18783
18787
18814
18819
18827
18840
18848
18854
18881
18890
18901
18940
18947
18956
18968
18990
18990
18995
18998
19015
19020
19033
19043
19044
19059
19063
19073
19081
19089
19096
19100
19105
19111
19132
19143
19145
19149
19162
19165
19175
19187
19209
19209
19219
19220
19220
19227
19235
19238
19239
19247
19248
19249
19301
19312
19337
19339
19358
19418
19427
19436
19446
19448
19465
19485
19488
19495
19496
19499
19524
19541
19542
19542
19544
19550
19562
19579
19617
19632
19647
19649
19660
19666
19670
19678
19681
19708
19733
19738
19743
19753
19761
19761
19768
19800
19814
19818
19819
19819
19827
19829
19844
19845
19863
19882
19892
19897
19910
19911
19917
19920
19932
19933
19962
19979
19985
19987
20014
20018
20025
20025
20028
20031
20050
20054
20088
20096
20096
20107
20109
20121
20121
20125
20155
20157
20169
20170
20175
20185
20205
20205
20218
20227
20235
20254
20261
20273
20279
20288
20290
20298
20310
20328
20336
20349
20357
20363
20395
20400
20416
20419
20426
20441
20448
20457
20458
20460
20464
20468
20471
20492
20501
20516
20533
20533
20536
20537
20549
20572
20588
20609
20611
20623
20645
20670
20693
20696
20702
20706
20710
20716
20721
20721
20722
20738
20740
20743
20755
20759
20774
20790
20872
20873
20873
20883
20889
20899
20905
20911
20921
20934
20935
20935
20942
20943
20965
20975
20987
21010
21025
21028
21028
21045
21057
21057
21058
21060
21069
21085
21104
21137
21153
21197
21203
21205
21222
21227
21233
21250
21253
21261
21262
21328
21332
21337
21337
21341
21351
21353
21357
21375
21391
21392
21395
21434
21439
21439
21439
21444
21462
21476
21483
21486
21490
21515
21517
21527
21545
21550
21554
21570
21574
21609
21622
21646
21662
21663
21665
21669
21670
21674
21681
21688
21691
21701
21708
21710
21729
21730
21731
21734
21742
21748
21766
21767
21786
21790
21806
21824
21835
21841
21849
21865
21870
21874
21886
21887
21894
21902
21911
21914
21928
21933
21934
21935
21942
21943
21959
21991
22005
22011
22015
22033
22039
22042
22043
22052
22054
22056
22067
22074
22091
22094
22095
22096
22106
22106
22109
22115
22140
22144
22147
22157
22196
22249
22259
22261
22265
22288
22293
22295
22296
22330
22342
22396
22397
22418
22442
22473
22492
22530
22532
22546
22554
22555
22560
22576
22577
22604
22606
22608
22620
22652
22663
22669
22677
22686
22693
22708
22712
22714
22727
22731
22732
22738
22742
22742
22750
22750
22799
22802
22808
22857
22861
22869
22872
22875
22883
22896
22909
22939
22952
22965
22968
22978
22984
23011
23020
23023
23036
23046
23052
23058
23088
23092
23102
23108
23109
23123
23178
23184
23187
23193
23197
23213
23218
23218
23220
23259
23260
23279
23301
23307
23312
23334
23337
23348
23352
23378
23392
23409
23411
23420
23429
23453
23459
23463
23488
23496
23520
23543
23549
23574
23585
23605
23612
23616
23618
23621
23632
23655
23666
23670
23677
23689
23696
23697
23711
23718
23731
23735
23749
23769
23770
23795
23796
23804
23847
23852
23868
23897
23922
23923
23933
23935
23943
23967
23973
23977
23985
23990
23993
24011
24014
24025
24026
24048
24055
24083
24101
24107
24123
24142
24143
24147
24149
24151
24156
24174
24176
24178
24210
24220
24234
24237
24249
24250
24257
24264
24266
24282
24293
24293
24294
24301
24304
24314
24316
24324
24329
24330
24334
24338
24344
24361
24363
24370
24374
24384
24385
24401
24404
24427
24445
24475
24489
24490
24509
24510
24525
24542
24548
24570
24572
24573
24588
24601
24604
24610
24614
24638
24645
24649
24667
24692
24694
24695
24708
24713
24715
24727
24727
24732
24773
24774
24779
24780
24791
24804
24814
24814
24821
24835
24859
24861
24873
24876
24878
24881
24888
24889
24913
24919
24945
24947
24948
24972
24995
24998
25014
25019
25023
25029
25053
25074
25085
25097
25102
25107
25110
25132
25150
25165
25175
25195
25198
25221
25239
25246
25284
25295
25305
25309
25312
25323
25335
25344
25348
25350
25372
25373
25397
25401
25410
25410
25420
25435
25476
25487
25492
25493
25496
25504
25516
25519
25525
25530
25538
25551
25565
25579
25597
25597
25601
25603
25606
25606
25611
25611
25613
25613
25614
25629
25638
25643
25671
25684
25685
25686
25706
25716
25730
25732
25750
25754
25765
25767
25816
25834
25872
25876
25879
25885
25905
25911
25914
25922
25934
25953
25954
25957
25965
25968
25970
25977
25993
25995
25997
25998
26003
26004
26016
26031
26037
26044
26045
26053
26079
26082
26086
26089
26115
26133
26137
26153
26159
26162
26164
26167
26170
26176
26179
26179
26188
26221
26222
26226
26246
26249
26252
26289
26294
26308
26318
26340
26354
26355
26367
26376
26381
26386
26387
26390
26393
26407
26419
26439
26468
26472
26474
26476
26484
26484
26497
26504
26512
26525
26543
26562
26568
26570
26597
26614
26618
26623
26627
26633
26647
26665
26673
26694
26718
26721
26728
26736
26742
26768
26782
26782
26783
26795
26806
26821
26830
26831
26832
26832
26844
26845
26852
26864
26869
26900
26924
26925
26926
26930
26930
26933
26934
26937
26957
26965
26979
26989
26990
26993
27003
27007
27012
27019
27020
27069
27080
27082
27083
27085
27086
27112
27113
27115
27140
27177
27208
27224
27264
27274
27280
27290
27297
27314
27330
27332
27344
27356
27356
27357
27379
27389
27393
27396
27407
27408
27421
27425
27431
27432
27434
27443
27462
27463
27464
27467
27467
27472
27475
27492
27498
27526
27526
27532
27540
27554
27567
27576
27582
27584
27592
27630
27641
27644
27645
27656
27656
27657
27662
27662
27666
27667
27691
27694
27707
27722
27751
27756
27766
27803
27806
27823
27842
27861
27879
27881
27892
27892
27917
27959
27969
27975
27984
27986
27989
27993
28001
28012
28031
28062
28067
28067
28069
28080
28086
28086
28091
28113
28121
28123
28134
28134
28146
28161
28171
28173
28178
28181
28181
28184
28186
28216
28225
28231
28235
28265
28265
28269
28278
28285
28286
28307
28334
28345
28353
28355
28355
28356
28357
28365
28381
28390
28393
28394
28398
28401
28409
28418
28420
28433
28438
28449
28465
28484
28490
28499
28506
28520
28537
28543
28575
28585
28586
28622
28631
28639
28668
28690
28692
28708
28708
28710
28711
28769
28777
28780
28787
28800
28807
28822
28824
28835
28848
28852
28859
28859
28878
28888
28891
28894
28902
28915
28917
28920
28921
28927
28942
28961
28962
28985
28998
29004
29005
29018
29043
29051
29071
29076
29090
29091
29093
29099
29107
29110
29119
29130
29131
29136
29147
29154
29154
29156
29185
29185
29193
29199
29212
29237
29243
29244
29246
29261
29264
29286
29300
29318
29324
29328
29336
29337
29349
29359
29367
29369
29377
29392
29407
29428
29436
29439
29444
29450
29452
29455
29465
29480
29500
29500
29504
29517
29530
29532
29547
29561
29570
29573
29586
29593
29616
29619
29646
29649
29654
29678
29740
29789
29793
29800
29814
29826
29826
29834
29854
29857
29860
29860
29862
29862
29865
29911
29919
29919
29946
30033
30038
30044
30045
30054
30057
30059
30060
30071
30078
30087
30090
30103
30105
30120
30121
30123
30130
30139
30149
30163
30168
30168
30169
30184
30193
30199
30207
30241
30259
30262
30269
30277
30286
30289
30303
30305
30315
30323
30324
30330
30341
30343
30348
30352
30370
30399
30405
30428
30432
30459
30478
30491
30492
30503
30534
30551
30551
30560
30580
30581
30587
30597
30621
30626
30628
30636
30636
30638
30681
30683
30685
30690
30700
30712
30719
30720
30721
30723
30733
30753
30778
30781
30787
30799
30813
30818
30823
30823
30832
30871
30871
30873
30883
30885
30918
30921
30922
30923
30929
30933
30945
30951
30959
30961
30966
30979
30987
31001
31002
31028
31038
31044
31054
31057
31100
31101
31113
31119
31121
31131
31133
31138
31155
31162
31164
31174
31194
31215
31220
31227
31241
31257
31267
31271
31274
31291
31306
31308
31310
31349
31350
31355
31365
31383
31399
31399
31413
31436
31450
31455
31461
31466
31471
31480
31480
31498
31504
31506
31523
31526
31561
31574
31578
31600
31612
31619
31626
31628
31632
31636
31640
31655
31668
31669
31674
31688
31740
31750
31767
31782
31797
31805
31808
31810
31813
31847
31855
31856
31856
31861
31865
31867
31879
31883
31883
31891
31892
31900
31900
31916
31939
31942
31951
31952
31958
31995
32004
32011
32012
32023
32028
32030
32034
32039
32040
32045
32054
32054
32084
32088
32094
32095
32100
32121
32129
32130
32151
32154
32175
32176
32187
32188
32189
32192
32208
32220
32228
32240
32241
32242
32249
32254
32286
32295
32331
32335
32353
32358
32372
32393
32397
32399
32404
32413
32418
32434
32434
32460
32465
32479
32486
32506
32522
32526
32527
32528
32530
32538
32542
32543
32545
32565
32569
32592
32611
32615
32615
32618
32618
32652
32664
32670
32681
32690
32699
32704
32710
32710
32751
32760
32761
32762
32773
32777
32777
32784
32785
32790
32805
32808
32820
32824
32825
32837
32849
32850
32875
32876
32900
32900
32910
32910
32923
32944
32947
32957
32962
32966
32969
32970
32988
32997
33005
33015
33017
33025
33051
33054
33065
33066
33070
33092
33096
33106
33110
33111
33135
33141
33159
33170
33194
33195
33197
33203
33206
33208
33231
33237
33261
33267
33267
33276
33280
33294
33296
33317
33323
33335
33355
33369
33370
33388
33389
33389
33396
33397
33407
33435
33442
33460
33466
33488
33501
33517
33545
33545
33551
33577
33584
33585
33599
33609
33619
33630
33634
33660
33671
33673
33673
33717
33724
33737
33741
33743
33747
33782
33789
33809
33810
33814
33831
33833
33839
33849
33850
33850
33852
33866
33870
33883
33902
33915
33922
33923
33934
33937
33948
33949
33952
33959
33960
33960
33980
34016
34019
34022
34022
34035
34063
34084
34099
34103
34107
34120
34126
34132
34150
34164
34178
34181
34186
34191
34194
34195
34215
34218
34234
34237
34242
34252
34262
34263
34267
34276
34277
34285
34288
34312
34328
34332
34343
34365
34367
34386
34387
34390
34390
34405
34418
34441
34459
34486
34493
34494
34503
34506
34506
34543
34563
34578
34593
34594
34600
34601
34644
34658
34667
34668
34670
34678
34679
34681
34683
34687
34695
34701
34709
34715
34738
34742
34743
34745
34746
34748
34750
34767
34785
34794
34803
34822
34835
34842
34847
34850
34863
34879
34884
34890
34890
34920
34930
34943
34945
34954
34960
34984
35012
35020
35037
35049
35063
35097
35103
35104
35109
35111
35114
35116
35117
35142
35143
35146
35149
35156
35158
35165
35196
35204
35209
35265
35268
35275
35295
35341
35341
35346
35366
35384
35388
35401
35482
35490
35492
35508
35530
35534
35545
35545
35545
35553
35563
35566
35567
35583
35590
35604
35607
35609
35609
35623
35625
35631
35643
35653
35662
35686
35687
35694
35702
35704
35710
35715
35725
35727
35734
35736
35755
35761
35786
35792
35795
35804
35805
35809
35819
35835
35844
35846
35849
35857
35877
35890
35902
35902
35918
35929
35956
35959
35985
35986
35997
36010
36011
36033
36033
36034
36098
36110
36131
36131
36149
36152
36152
36152
36173
36191
36194
36203
36225
36225
36236
36238
36251
36262
36263
36272
36280
36301
36328
36332
36351
36353
36355
36356
36357
36362
36362
36367
36368
36372
36380
36388
36415
36420
36425
36433
36448
36455
36458
36474
36481
36482
36495
36511
36533
36548
36552
36561
36562
36577
36579
36598
36616
36621
36635
36656
36664
36688
36691
36692
36697
36704
36718
36725
36735
36743
36745
36759
36765
36766
36767
36778
36782
36788
36807
36811
36825
36854
36860
36876
36877
36880
36909
36911
36916
36919
36930
36932
36938
36959
36975
36980
36984
36990
36991
37013
37032
37038
37039
37041
37042
37061
37073
37080
37131
37131
37133
37135
37136
37140
37161
37176
37193
37200
37202
37219
37221
37227
37244
37245
37260
37261
37277
37279
37287
37290
37301
37302
37302
37309
37309
37315
37327
37327
37358
37358
37364
37365
37375
37386
37390
37392
37405
37416
37437
37442
37447
37456
37459
37464
37492
37523
37534
37537
37564
37567
37570
37572
37572
37584
37587
37589
37598
37607
37619
37624
37651
37662
37669
37699
37719
37720
37739
37742
37745
37746
37754
37767
37767
37772
37776
37777
37780
37782
37782
37798
37838
37854
37860
37875
37877
37909
37959
37963
37972
37976
37992
37998
38006
38017
38020
38037
38049
38066
38079
38080
38085
38109
38115
38124
38169
38171
38178
38180
38185
38187
38190
38211
38212
38218
38228
38228
38245
38248
38253
38260
38267
38277
38281
38289
38298
38299
38304
38317
38340
38379
38390
38407
38407
38448
38461
38462
38479
38484
38491
38511
38522
38526
38528
38529
38540
38544
38550
38584
38588
38593
38598
38605
38610
38614
38614
38628
38640
38642
38658
38665
38665
38673
38675
38677
38691
38694
38697
38713
38717
38723
38727
38731
38757
38771
38776
38788
38803
38804
38812
38819
38819
38834
38837
38838
38842
38844
38845
38861
38878
38884
38891
38894
38907
38912
38934
38935
38962
38970
38982
39035
39042
39045
39057
39067
39072
39093
39094
39100
39143
39168
39172
39172
39184
39184
39208
39210
39233
39241
39246
39249
39257
39261
39263
39274
39280
39286
39314
39321
39326
39334
39363
39398
39401
39405
39405
39405
39408
39432
39433
39439
39451
39457
39457
39474
39486
39494
39502
39512
39544
39547
39548
39562
39572
39591
39592
39594
39594
39605
39625
39642
39642
39657
39690
39695
39732
39759
39788
39789
39792
39795
39808
39814
39817
39818
39848
39850
39860
39869
39885
39923
39932
39946
39955
39959
39968
39990
40001
40001
40015
40020
40040
40048
40050
40062
40073
40085
40094
40095
40098
40100
40114
40118
40124
40129
40157
40179
40180
40181
40205
40205
40225
40236
40239
40241
40259
40269
40277
40277
40280
40283
40285
40288
40290
40300
40301
40306
40324
40337
40341
40348
40353
40374
40386
40389
40401
40409
40448
40465
40467
40473
40479
40496
40496
40533
40546
40584
40587
40589
40602
40604
40624
40639
40644
40658
40676
40690
40702
40723
40728
40731
40740
40747
40747
40755
40757
40774
40790
40795
40801
40827
40836
40838
40842
40845
40859
40872
40885
40889
40912
40919
40921
40924
40930
40952
40954
40960
40999
41000
41003
41004
41007
41020
41064
41065
41075
41079
41085
41087
41088
41099
41101
41111
41133
41135
41138
41164
41169
41183
41205
41209
41211
41211
41216
41223
41225
41239
41248
41251
41265
41289
41294
41306
41306
41306
41312
41316
41318
41326
41350
41357
41366
41398
41403
41427
41439
41454
41470
41471
41486
41488
41491
41523
41531
41571
41581
41582
41600
41601
41602
41614
41633
41636
41652
41653
41660
41665
41674
41687
41694
41726
41729
41733
41739
41790
41790
41804
41810
41821
41826
41827
41836
41840
41846
41848
41850
41850
41850
41902
41934
41947
41960
41963
41976
41992
42002
42018
42024
42046
42050
42053
42055
42062
42078
42095
42097
42104
42105
42110
42125
42138
42143
42146
42158
42160
42166
42169
42181
42214
42215
42215
42215
42215
42233
42250
42253
42302
42316
42317
42318
42320
42329
42370
42371
42376
42380
42387
42428
42443
42451
42457
42491
42495
42497
42498
42510
42510
42528
42533
42544
42557
42605
42615
42627
42628
42667
42670
42696
42721
42731
42737
42739
42752
42757
42758
42771
42778
42790
42792
42800
42802
42804
42805
42821
42823
42827
42827
42836
42849
42852
42867
42870
42876
42882
42883
42914
42930
42932
42941
42953
42955
42989
42999
43024
43044
43072
43079
43082
43100
43105
43111
43114
43121
43121
43124
43126
43138
43168
43171
43172
43176
43183
43205
43223
43264
43265
43270
43293
43300
43303
43319
43327
43373
43391
43400
43406
43416
43424
43432
43444
43446
43475
43487
43503
43504
43507
43516
43527
43531
43550
43578
43606
43628
43651
43653
43661
43661
43684
43696
43712
43715
43720
43728
43730
43736
43741
43744
43781
43802
43804
43813
43838
43840
43854
43861
43868
43892
43903
43907
43917
43937
43941
43943
43954
43978
44002
44025
44025
44027
44033
44034
44035
44052
44058
44069
44081
44090
44099
44103
44111
44138
44160
44161
44162
44175
44179
44204
44206
44211
44215
44227
44231
44249
44251
44262
44264
44270
44274
44280
44280
44286
44300
44300
44311
44326
44333
44337
44338
44341
44341
44341
44344
44345
44347
44373
44382
44383
44384
44386
44409
44417
44418
44440
44443
44444
44452
44475
44477
44479
44495
44505
44517
44527
44534
44535
44538
44539
44541
44556
44568
44575
44584
44604
44606
44607
44620
44632
44645
44664
44673
44701
44703
44706
44721
44722
44742
44763
44773
44791
44808
44817
44822
44824
44852
44854
44863
44870
44885
44899
44902
44915
44923
44931
44941
44946
44964
44964
44971
44987
44988
44990
44995
45013
45016
45016
45029
45038
45041
45052
45052
45062
45062
45069
45109
45122
45125
45138
45155
45158
45176
45201
45202
45219
45264
45280
45288
45290
45310
45319
45340
45350
45362
45400
45412
45413
45425
45431
45432
45441
45451
45479
45489
45498
45501
45508
45510
45521
45523
45534
45549
45559
45584
45609
45626
45627
45630
45631
45631
45659
45661
45673
45685
45691
45692
45693
45724
45744
45744
45746
45761
45761
45774
45785
45786
45795
45809
45813
45847
45853
45867
45870
45880
45891
45895
45911
45919
45928
45932
45971
45985
45997
46005
46015
46021
46036
46037
46048
46055
46075
46107
46127
46133
46139
46139
46146
46149
46150
46156
46165
46166
46175
46184
46185
46186
46195
46203
46205
46208
46209
46212
46265
46279
46280
46283
46288
46295
46300
46312
46313
46315
46317
46325
46329
46329
46351
46357
46371
46375
46414
46414
46416
46421
46422
46439
46440
46453
46469
46476
46488
46495
46505
46506
46506
46506
46516
46525
46535
46535
46538
46545
46552
46558
46563
46566
46572
46589
46631
46633
46635
46637
46658
46663
46693
46694
46710
46729
46737
46750
46751
46761
46764
46780
46783
46806
46839
46844
46846
46851
46853
46884
46903
46907
46913
46916
46919
46926
46931
46935
46944
46952
46956
46958
46962
46965
46968
46969
46989
46993
46994
47011
47054
47056
47062
47067
47074
47077
47078
47082
47090
47119
47120
47132
47140
47147
47167
47186
47187
47196
47211
47213
47248
47253
47253
47255
47264
47275
47284
47285
47296
47304
47317
47323
47333
47335
47356
47357
47383
47387
47392
47405
47407
47419
47448
47463
47463
47467
47497
47499
47514
47515
47515
47525
47530
47550
47574
47577
47581
47593
47596
47606
47619
47624
47627
47633
47663
47677
47695
47701
47706
47724
47725
47730
47776
47797
47804
47806
47811
47817
47850
47860
47880
47907
47929
47933
47934
47939
47941
47958
47966
47969
47973
47988
47993
47994
48004
48006
48010
48012
48015
48017
48033
48039
48053
48059
48077
48086
48092
48106
48108
48141
48149
48150
48151
48152
48155
48159
48198
48200
48207
48216
48221
48234
48235
48252
48270
48275
48276
48285
48293
48319
48325
48338
48345
48390
48411
48427
48441
48456
48469
48474
48488
48504
48506
48509
48522
48522
48524
48528
48534
48542
48545
48551
48551
48554
48575
48579
48582
48582
48590
48623
48629
48649
48651
48659
48659
48672
48677
48700
48703
48710
48714
48714
48730
48739
48758
48769
48779
48795
48796
48801
48818
48833
48838
48859
48876
48876
48878
48894
48905
48911
48922
48926
48927
48943
48987
48989
49007
49007
49015
49025
49034
49069
49081
49104
49111
49123
49150
49176
49205
49221
49223
49235
49241
49243
49252
49281
49292
49294
49327
49347
49357
49376
49378
49394
49408
49417
49434
49437
49445
49456
49457
49468
49472
49473
49481
49486
49492
49500
49501
49514
49517
49525
49534
49547
49549
49551
49551
49563
49567
49574
49594
49595
49596
49598
49616
49620
49636
49652
49655
49673
49706
49716
49728
49728
49738
49743
49746
49748
49766
49766
49769
49778
49785
49787
49796
49800
49805
49827
49845
49847
49864
49881
49882
49887
49920
49923
49935
