11165
13636
9497
1422
49472
6463
12346
33584
33517
46416
33980
5496
12007
14420
32034
32465
10235
7532
24101
40755
28134
4443
2561
17223
23218
6326
41600
40467
31951
20696
45932
25097
13416
37227
12361
34767
16521
46780
38723
48411
25420
49728
46516
30090
30871
14362
472
38185
46962
45290
39233
11870
21790
9517
33952
44941
5882
29465
12602
9851
42169
26525
41790
3718
277
18756
5454
17084
37245
21337
17137
49563
32837
18052
49347
1801
3309
30923
24873
26795
47120
4639
47730
16269
1188
5425
34984
2175
23973
10948
4734
15480
28186
48905
1774
37287
22005
5020
19043
37176
1165
39408
12228
6706
1602
22604
8371
18854
28394
10456
49457
41694
35545
36098
6540
38731
26742
17304
37358
21681
12254
17721
48234
47275
37261
20492
33609
18644
30560
24257
17789
49887
18371
387
47663
32997
21085
293
43183
14487
28690
42146
48554
20702
20738
42491
25551
5142
49800
33948
15453
5292
7816
40001
4076
32664
18464
8798
13907
46015
41225
24570
25372
29570
39932
42771
9755
39208
4836
38317
44915
23990
19436
21104
23307
30951
19132
36238
19209
25102
39405
23543
33782
40241
10186
15383
40040
28852
9465
4467
31113
18480
40095
9868
5649
44870
27641
12107
8548
39094
10304
48474
43126
850
16586
7231
47994
11815
12781
49805
36562
22663
9198
2956
34695
1618
49417
47804
16493
132
36225
32808
36984
29099
39474
47497
34035
18783
21490
23092
46944
5709
6065
46279
13459
5518
2721
17315
17755
40740
35997
15239
29500
32054
35662
38211
1634
5228
38819
6406
2825
31883
36362
19033
34195
47706
4191
26484
38788
16446
12780
11588
8272
1157
22708
40999
38544
13716
37244
23585
19111
23352
4419
29359
7462
7479
11242
11897
15384
40300
4501
5759
37767
31100
41087
36203
13978
9808
23985
13777
24123
7921
30690
18696
28520
412
3227
39398
16905
19542
15023
12252
16336
10975
14727
17198
35204
2956
42914
35384
16000
11614
10144
29300
7270
27425
4781
37193
49294
42143
43205
5172
41169
19819
17256
23977
16193
29654
36579
3540
28769
48017
46313
20921
25914
29862
11356
19247
46965
23897
3535
44538
14257
49205
39848
14580
34863
27630
42836
30832
7365
3388
27407
2536
38665
17195
9823
46295
1195
38511
33743
1814
38522
5202
8283
28173
22555
45510
23218
12715
24573
36635
29193
44479
26308
5520
27264
1479
3001
9680
48504
27989
12371
26079
34441
15015
26830
29561
37135
36621
25198
24266
10995
24427
8699
17668
44824
25496
49394
2010
14652
32030
14377
42018
17015
14694
3476
21069
38006
15411
18668
27722
9432
8382
31155
43082
24489
34742
43937
46133
30087
12444
39439
40790
13302
34644
37564
38861
10457
16206
29860
1248
4304
19550
7078
20935
33630
35956
22157
30305
2885
19761
16658
19933
19632
35849
15710
6808
39732
17860
37607
20987
18642
25603
4355
17145
40658
27224
24525
42376
36194
41316
3341
49594
29130
40239
8012
8741
25019
11414
47284
41216
22033
36877
9671
34954
17024
26162
26965
48714
18389
26407
18559
6383
41992
17088
46150
25239
28086
11747
2432
26164
9091
38245
3875
16309
7898
15139
46637
32095
46935
28585
8460
9882
21028
14114
40374
6361
24301
550
2820
25597
14676
12970
2320
4193
1450
47186
1862
38115
2674
29826
2569
13952
15525
18956
27432
33141
6707
16237
42510
49620
16100
47606
41003
30823
38267
25565
46563
24572
47419
34277
34709
49738
25195
48275
35492
37772
3527
6674
8923
16135
3164
9218
123
932
21849
10165
6470
14685
36980
31274
46989
24773
15918
22560
26393
24919
21991
15758
28927
7239
46209
8803
29865
18995
20572
13363
24294
13279
23769
24338
32618
21197
35490
11486
3949
12698
40409
24610
18291
18814
18293
12254
144
16383
35985
10237
28365
16233
42670
40624
5734
38673
27356
3196
40747
8297
35643
13394
32479
13591
29530
18156
44964
11823
31480
41531
8641
8328
34594
28121
21462
49598
20899
20419
36425
40644
38628
4082
31526
24282
43044
24804
47988
1659
44204
32805
25165
10912
1976
34679
25934
14018
44475
31267
12429
19499
41439
33915
38677
16112
39314
41470
29090
41265
29185
1579
23696
32569
39818
24779
30636
19418
7734
4328
580
46535
33370
45746
33435
38180
21767
43416
16386
14522
26618
30683
47335
49778
9200
21060
35508
14522
28146
3829
17807
1951
36357
35710
46506
39432
21786
1940
19496
36355
11031
7187
33810
48285
48838
26294
29911
10901
23259
17849
12371
8883
41065
37877
37386
46545
29857
37745
37669
2401
40118
11549
25435
41101
24147
26562
6777
30163
36262
22652
28393
16602
12644
37309
22802
24234
33231
29455
46693
28269
20721
12755
11861
33051
40952
44505
48911
38982
23496
8451
43892
27756
28894
7036
49596
19073
34022
42443
27140
28418
6209
14459
19143
19235
4768
43813
27879
28543
45340
27462
17390
8900
25716
24344
30818
38837
38407
46761
2162
34418
3043
44035
44885
20588
31767
13908
26367
40094
48509
26468
4391
2605
33025
38804
22727
48659
39257
40285
11523
7802
45853
24237
40401
22939
42792
36034
37492
3011
147
26176
23260
11362
31879
19542
7936
34132
19818
14766
5902
10352
24490
34601
7283
19485
38697
8573
10976
30628
19015
5708
28355
1298
35146
3503
9893
49551
42387
32825
38479
35116
36854
33195
11420
42370
40205
31349
36691
2506
48672
6982
40731
21887
46853
23549
38598
36598
28123
17222
11776
1175
29154
8471
40602
43531
19339
17706
39594
5826
3978
4142
42827
10482
44721
33135
14263
1102
12480
25538
27691
29800
20028
34803
16054
33671
30922
38776
8227
47078
11230
39249
3518
14715
4145
32762
26665
645
43720
25110
39562
30348
18616
25834
43684
25613
33355
39850
49235
13090
32084
8702
46806
46165
19845
19979
42821
38049
29678
15416
296
32528
22984
44808
5832
2978
40324
8648
45659
45971
41289
39334
7187
46919
6950
48198
21444
32397
33335
40124
5080
35553
12862
46663
44773
38304
49408
17108
19892
29286
4628
35545
29428
38588
10746
2148
43728
25295
44027
8674
49706
43741
44090
46265
32335
24174
25685
36959
22067
42253
43114
14780
19249
1912
35566
1124
8561
27421
12225
42805
33267
42882
171
14530
9538
23935
49069
31131
10803
47941
23420
39642
40180
32192
34486
14131
6715
44995
32761
42498
18384
48141
19187
21476
41729
1656
47514
40129
25410
1415
24176
44179
13810
22015
17080
14498
46469
49486
25905
37464
34701
17339
48077
37860
10400
36876
47596
6697
47624
22109
10418
26728
11191
17390
27803
9132
43138
11511
13519
34126
18599
11602
28285
25493
41318
7698
7258
35959
30712
42320
35567
26627
10070
40872
43475
12804
44033
2002
24713
24178
15416
21708
34493
21943
21351
23616
36766
23411
3189
5881
25476
25410
25246
1056
25957
26844
6710
26439
49567
44742
19044
11729
22896
12413
26387
42870
34822
14279
12834
3200
35049
8668
4429
22330
34943
17768
4689
44338
16033
18158
44527
236
20109
9823
48506
38834
24791
14934
42002
44341
38299
20975
46956
45362
31523
138
44231
20645
39695
2440
25014
15437
6149
2182
34194
8619
13119
44417
31674
46439
25519
2839
13525
37739
31506
17121
14825
48010
44584
40048
39433
27290
10514
33923
20054
20288
17747
11391
26381
32418
46931
30933
47140
42078
11842
22712
2979
21439
40836
3412
9307
28490
44341
47574
4133
18716
21663
17727
12504
42055
46208
32045
914
7700
26355
30341
32923
40341
5411
45693
29005
1374
46764
6776
19800
46751
43715
26340
46968
2623
776
1841
4323
48795
40921
1383
26089
42778
40389
44822
8543
16376
31471
24542
45062
18504
20533
9068
752
26376
37587
26736
47323
6469
48927
48769
45626
10670
44477
34835
35986
12142
23847
13768
18682
35346
39321
44311
32790
25348
41652
14928
22011
31504
13457
31939
8097
46021
35530
13485
11391
43504
19100
4177
12317
45867
36356
22296
1307
21865
10532
45584
69
15124
15384
7836
12494
11100
42999
30428
49748
9747
35686
10109
36263
12472
24404
6978
5737
41827
31227
13870
35563
25284
4143
30324
20873
33208
32543
32615
47255
34543
21262
30168
35653
25885
15158
14923
2737
24025
41934
16569
9185
13867
20125
40930
33724
31480
49492
27357
36825
29147
29649
18239
31655
34794
9809
44706
38891
47067
13593
20468
8113
28921
6574
7375
35631
27917
33397
25754
7749
44300
17347
5392
23193
2379
46329
20670
22576
9187
37392
16523
14645
21911
47463
11573
19358
1629
31194
36688
28012
19647
22532
41099
39592
31797
4671
17529
2039
29619
29547
34120
35609
41209
6572
37776
20911
6687
16486
22140
18146
24727
41653
8183
33831
3110
7769
41205
7073
49766
20611
622
13309
18034
7584
47695
10453
34276
48039
3062
30121
11627
40062
6746
18017
31808
6434
49636
19985
21137
30551
20448
33317
19096
34107
42138
47187
29136
30813
6494
12557
37131
36458
16439
48758
29244
36380
33323
43730
46538
45016
20096
32353
32710
2614
23123
8759
34738
31612
40723
38803
18990
3460
43781
13994
32176
42867
26864
5729
18072
34748
13120
11085
156
16734
17174
7120
22295
18947
24149
24330
21483
39042
24998
25765
4801
16773
21766
15336
24727
16161
42852
32460
24374
34593
26647
36919
26782
118
33850
39860
2622
34920
21730
27526
12610
21203
8154
20121
28278
47056
20943
49445
4758
44249
24316
14259
43424
45521
49081
15877
42827
5975
5592
10102
31257
27344
8797
12216
16599
19932
15681
28265
10332
36743
40337
4867
11131
3005
8694
22039
38658
22861
26179
36932
47701
32530
17713
3843
17561
44722
24945
21545
41523
14881
31133
4150
8261
3481
16321
49864
21665
32023
18342
15106
47633
37437
31865
14266
2554
4042
10670
18660
15507
24614
14218
11509
16837
36149
25029
7924
29246
39168
17698
40465
43391
48149
38845
28692
27986
9983
8990
45202
16475
40280
27007
7568
45523
48390
33407
14788
15436
20693
7038
32962
29107
15490
5708
29919
31413
8286
46315
18332
18310
10323
40587
1791
39280
11555
49034
9903
19753
11756
32777
28822
18750
27431
18770
23279
43744
29646
38289
47253
31574
30060
19337
2021
21058
24774
25732
37456
32372
1510
38079
32506
43264
13277
45847
5162
40306
28787
44264
3266
43079
31119
6431
5829
7678
25706
16077
3365
34842
20790
33747
44632
5740
14393
47525
20416
11765
20722
9264
26930
24692
42316
6835
4586
40448
35694
7448
40050
37358
38190
5961
41306
34242
10179
39261
38614
14279
42457
46916
7768
3879
2638
21353
43121
28409
7590
11005
9860
689
16950
19768
29854
13135
41840
31891
3574
9842
39817
30033
40085
9937
16011
37260
11071
16397
41804
4505
48796
36110
48987
41850
31308
24708
18819
11882
44099
25606
10670
45795
10738
667
37963
43176
28178
34945
9980
39547
33066
41075
7665
38066
17506
45280
21486
42790
21731
30343
20934
47264
23213
3585
38461
3704
20721
8013
40283
32970
39788
7786
46783
16306
3519
49534
46317
23922
6008
33294
9214
18131
7895
34215
23453
12835
4920
34847
21669
45895
48004
33789
26937
1162
28711
41454
2571
27532
38640
29439
16193
34715
19063
48325
21337
8135
49437
16398
4306
38491
6124
47627
22686
20458
36152
46495
45880
1464
7741
3642
26990
38935
29532
41902
26721
39093
44852
41491
9572
3736
41211
37619
10038
38248
10042
45319
27975
48108
32820
24401
28031
35809
48276
42627
19089
29349
6465
17578
28080
34328
5213
42804
31668
24947
38390
4374
8523
19175
46146
30149
7339
9671
2856
34890
12813
220
7565
48714
13784
25344
38037
16515
17598
2262
1178
27666
46312
17936
31450
14995
42062
24995
3607
5798
24888
28708
48894
8397
4416
25638
28506
34390
4273
17649
28345
23046
15328
37777
13602
14867
32526
27645
24293
48200
33280
32100
18585
2921
28334
16930
24151
44791
30685
44337
31383
29337
20516
2104
7628
3210
35534
32670
32824
28807
5794
49241
12298
12904
36448
1275
46566
29392
21153
13351
39625
26806
22418
47993
47448
23520
48730
17771
45985
39172
3773
36718
21045
28086
17143
41836
49378
37041
31856
16499
29616
11376
29004
36474
25221
128
12529
15407
39923
38675
47213
27656
15436
48159
15022
49673
44161
45997
44081
13343
28484
14232
30289
27492
4970
13574
44606
26053
11584
10670
47577
47405
5127
18622
22669
27463
9923
46535
21391
1165
42941
23618
45425
9683
44341
10065
30966
31271
23670
33389
12260
29324
46558
6659
27582
11890
46969
44069
790
4818
45761
19897
10916
996
43943
19220
5594
4263
49847
27475
48006
15140
20460
11341
33866
44103
23036
30262
44534
41306
47581
30723
46048
13773
23348
26086
31740
48629
30621
47958
21942
29018
1276
11147
31038
32130
9563
36351
28537
45441
29091
15640
10224
15416
11763
7529
42371
14929
31640
4397
1242
47333
32704
10672
15654
14088
2895
38187
42451
14369
40747
22106
38379
6983
43954
48582
43696
21688
36301
20310
46903
4006
45219
18470
21392
15867
1794
36782
26249
8640
41223
48469
34150
3788
32615
10021
26979
33017
12088
7773
41239
945
48551
29212
28356
49025
47966
42104
46505
33111
2420
46175
5584
32154
28824
32151
38962
42696
35623
47167
20279
37998
35795
6439
37570
15441
8890
23612
40288
16168
5128
26115
43507
42752
46195
1492
26782
29793
2212
33599
11462
8157
19081
18197
13137
26718
22738
4482
38298
20873
38171
19446
19911
16608
44025
13243
10348
43917
28961
3168
28859
23011
16838
1886
18520
27393
10836
4123
33106
17013
25767
44854
4303
43300
16212
42989
32785
41248
14341
22095
1101
5518
41739
6789
21646
16194
46913
15435
12811
31054
41665
47062
32121
44645
36433
17813
17239
2550
6188
38812
3261
45158
38605
38448
48221
21250
26003
49104
23852
49787
45813
3165
21841
23334
42160
28668
47304
44452
33934
10369
48534
5926
39814
13380
35158
46506
46300
2428
23409
20537
42318
46357
17749
17608
35103
13373
6529
45489
28134
30277
15080
40676
1453
26924
6450
25312
38713
16257
40290
6144
4469
6352
18901
48152
1060
49655
34178
30330
14566
11719
28780
34884
21710
2580
4221
4854
2379
23312
22094
27208
15679
7151
20549
35704
7491
31350
9623
24250
42510
47147
31916
35482
39486
18998
18592
40728
37598
471
18782
10423
4334
36033
30207
30492
13123
32545
11374
23655
7963
10948
27443
24913
26614
16195
18412
38169
20464
35268
32187
14114
7200
12050
32358
44251
41660
46037
49223
2456
11919
14263
5020
43840
19814
40774
6515
13285
36765
20536
4101
29110
11616
18459
39494
48801
21748
42953
26497
22554
10978
3806
17689
4060
35890
24695
42329
18968
5543
44333
27408
1470
16430
5972
29156
41294
11750
34658
38228
10274
15405
18067
10071
34960
40015
12374
37854
16316
24329
14165
48293
24861
48488
2128
1640
12765
13505
37838
3581
24445
13259
22473
19649
304
8030
5329
26673
26318
35702
33389
5315
36778
18406
16144
2682
49517
11662
13322
7498
37572
43578
9291
5162
42758
25613
6536
30399
11991
407
5754
22677
20349
10135
45013
3205
48876
3643
44701
12407
30681
16806
43868
44607
46926
34186
21375
27498
10305
34503
9016
14434
8992
3028
39690
21742
11635
8015
19165
23804
25601
12493
49827
32208
34164
45661
10994
32690
4430
30799
43487
26623
36938
16068
20254
7493
4896
9732
15111
21434
22396
44384
12997
30054
49769
37133
11772
6125
4233
12207
45785
18187
23923
40236
48739
27751
3197
1177
24083
36482
38727
43072
39885
1710
15607
10664
2194
13742
46635
7776
42380
7263
48155
22978
37537
16548
34181
24014
5077
45724
14241
41064
45549
13752
19733
48235
21933
48522
27332
9390
30587
14712
39405
4598
5616
38109
7376
43661
10903
7377
44971
40801
45498
12586
45155
40353
1909
35545
9648
32088
5045
12424
2206
15030
9519
4442
17163
20205
21729
5960
6239
42615
16668
16212
13312
28171
37290
48441
40181
38550
29862
21734
41350
13422
8571
40859
15909
45041
43223
14524
49007
2612
30534
29593
33276
46710
43111
17634
41471
21554
16373
26386
47119
2536
19524
42557
41733
17102
11843
35020
35736
40348
36332
29377
29826
922
48876
36745
15882
29154
22249
36704
18840
7530
15453
26246
34746
15445
23220
33619
33466
31883
35687
10168
27576
23187
43172
32957
16740
37302
33110
34016
38934
36552
45685
4315
24694
8397
8113
37992
19227
22288
47011
22056
26900
35715
28307
4428
7565
40301
37780
37662
27861
2702
48700
24293
49551
12689
28181
17362
1828
39594
36548
28859
16480
9334
36372
2925
36033
17566
1414
23993
49357
26133
33852
24821
4715
26082
30103
25993
47593
45413
1652
33096
16489
26831
4389
9745
27113
8580
39326
29237
49243
34218
18001
32028
35156
16450
31355
14179
32286
46846
39035
14879
17842
25323
38771
19920
27766
49481
56
37798
37767
201
7227
31174
11761
28091
25611
47132
33660
33883
36990
45451
19678
16955
46633
22043
10414
29369
15722
44664
5231
31750
14469
7038
3612
2070
48092
23052
7058
15432
42250
3000
37013
43121
14910
26568
24588
8314
44058
30432
3094
4994
4249
21261
12976
45744
38529
12804
34667
1970
19863
29814
42495
1208
24475
4218
4797
46572
45138
12381
7344
5683
41111
30929
11013
22808
31455
18456
22091
45744
21574
6952
31600
45809
15566
290
12966
27472
1786
975
24814
31164
20774
35143
33717
35209
19239
3538
24732
7628
16051
26226
25516
26170
11192
35063
38020
14701
46994
43838
17080
15668
22732
47811
44899
45891
24264
39067
2659
4910
41947
39286
27959
35902
32094
23023
33959
34252
32969
6930
21227
45673
24384
20942
20336
35165
38540
26925
4587
670
3161
46375
22742
21233
13153
23429
38080
36807
27379
16253
33902
26419
16521
44517
28067
9398
19910
6950
11793
15476
16071
24385
16281
20185
43854
24604
30823
18631
49882
36767
904
27012
34750
3375
12834
35625
2122
7610
44763
11313
16476
14523
14352
6094
23102
17408
37976
31861
23301
18730
9951
22742
9094
8094
36011
30778
12903
40757
46005
29093
48623
41850
36173
23392
31306
4718
25373
38085
17359
23689
1198
14123
8652
49176
36131
4553
18710
30044
22693
32988
9681
49616
48878
6995
6949
1269
35604
45501
9612
919
47860
2776
6223
3775
11166
29444
10758
30551
5411
8244
25492
8531
41581
49468
11390
40100
28216
10558
47054
7689
33015
36152
38407
11201
23770
23749
40205
23109
19248
35117
1121
31632
27467
27584
46351
23967
10104
635
23058
26472
37589
36236
37038
31847
28499
33737
44568
27082
8629
3434
40954
39184
37534
8197
31628
16453
9438
44382
47880
1963
30315
45069
10430
4706
49716
6290
19162
32947
43653
25968
17648
21935
8334
21332
35819
3799
9150
48551
30597
35844
20235
27020
2397
45609
31900
43907
3255
44262
27842
43293
5835
23697
31561
17338
47939
2072
49123
44923
21570
19738
21028
6384
36225
814
23488
22196
24026
11533
40589
48779
23795
41846
21870
47515
19617
30873
31057
18440
4285
1462
6488
36362
10720
49015
45052
27592
33203
30945
14247
11001
2798
25629
34386
3394
26167
40269
28631
23463
26512
48833
19209
36860
20290
45109
19465
32611
7137
47253
26694
11765
21328
42930
1415
8573
47619
18827
964
43503
5649
9253
27526
33545
26993
43978
15886
17430
44227
14890
11413
4113
22577
49796
10148
22052
19105
25750
3774
9071
30581
28915
22293
25175
48033
32900
18690
42097
43100
27823
27177
11646
27892
37909
29051
13096
27644
17697
31636
42721
5961
13055
18336
32413
20905
32220
24835
8885
42737
44215
49728
2089
35835
46750
8367
38691
22620
48528
25686
19761
15157
18245
30636
32542
36010
39210
11985
37390
25879
388
11401
2310
3944
10755
6888
6872
39605
11705
169
26188
30871
14508
13860
27969
46729
13868
32527
4126
38717
16416
13873
27554
11802
20965
30168
47082
30269
6285
4
4944
41850
7808
26934
44052
6510
8244
26926
10229
9642
31856
11350
26137
12157
24780
3703
23796
8978
42125
6622
12808
34099
39990
32875
32254
15932
7400
24878
48649
30918
15987
49652
11462
19149
30478
34681
36191
5004
20096
48989
27656
27330
21527
39657
13266
38340
22397
11780
8687
42544
40001
31892
17179
32773
8195
49923
14904
47550
3815
11149
36811
25579
24156
41821
44034
34600
979
26016
11366
24972
15035
33634
12644
7305
36930
17376
43444
27274
4928
47090
4147
33551
29500
44443
39100
38212
36353
2895
44964
45176
37375
20031
41357
1286
35877
25953
38614
7296
36656
23184
46205
27806
21959
31867
6518
25876
49549
10126
1669
44620
44280
21439
3402
39544
18326
29264
36616
25530
47515
30184
26474
19819
48086
45310
6395
34237
18660
4088
41135
26159
14638
31399
48522
32876
5796
2837
29834
32699
41004
4323
34103
31001
39263
31101
20050
31365
30883
3738
15084
15305
37459
34063
44344
20710
32404
15366
14064
25977
11285
46371
24361
6503
41138
35388
1954
26004
2931
44280
44556
30130
36280
2407
41251
26289
42497
48015
32129
37720
17505
4923
24370
26390
15740
47725
30987
44138
33673
39512
3530
33585
17620
5865
12572
38528
40838
44025
577
3426
16210
34312
1575
22492
16115
25401
20533
22042
26783
34683
1458
48012
49785
15238
21010
36152
9661
31578
36991
34267
30323
20273
48252
9026
46186
30961
12621
30071
32242
14123
15710
36880
24601
11189
37754
24638
48818
4719
19829
27069
8471
2891
39792
17959
18848
16729
34563
16978
38844
8435
13636
43171
24509
15588
28286
32241
60
1391
44987
30959
19541
15002
26832
2168
32910
1140
9213
3043
17171
39072
40604
49525
26484
1227
23943
5295
29919
16205
4653
24363
41826
21609
36455
44575
5421
28113
3218
23933
13900
30719
25023
13280
14588
36975
11258
38017
8376
2749
21670
18086
1819
43802
28985
33396
8212
44990
9333
3999
14488
41848
37572
21914
30057
32434
12083
47817
19666
34670
41636
29199
17195
45288
48922
25643
12170
5737
6273
29573
18498
16862
20121
9883
18078
19145
12124
34743
15732
853
37746
13959
1765
41183
43804
24859
33488
13362
13922
47248
40960
17461
6731
5184
34405
28708
4282
18458
35761
35097
47677
34084
9370
22731
37447
849
5918
21886
32486
34288
37523
17807
1445
47196
12593
3198
32228
37140
9941
2521
18585
18522
38642
35341
4495
26044
24334
12921
17512
11773
3700
35918
46694
8148
12272
10350
29946
30241
13761
31942
34343
15129
20716
30921
7660
1466
29243
24220
3887
41164
14865
7520
7068
33065
34459
9911
9684
6618
39869
14288
26832
23605
9038
5983
23868
25965
34879
17304
470
42800
33849
209
13643
44386
33197
20743
12063
40225
21517
15837
46993
48216
40690
13022
5950
1791
31900
33937
41085
27080
13261
46184
41614
36909
34390
38526
32910
4777
39241
31855
2902
15994
2174
20609
24881
1541
8278
17157
31138
1673
6437
41571
13034
46488
25995
15489
1588
2631
42533
7010
43105
30105
45432
46525
2386
29517
39143
1135
1322
22074
47392
13581
12201
889
13588
14301
3013
30199
5945
7411
28067
15783
8716
48053
14962
38253
13979
37959
810
3524
19579
25671
15674
35401
12751
13482
47211
30123
16826
32681
44444
43168
49845
5180
10197
34365
3434
3248
4185
1301
27086
7930
1358
16044
31461
41976
7461
39808
37277
32900
2235
297
16140
42849
36759
38462
1760
22714
10713
20501
45479
12656
24876
20298
14451
24548
30059
20755
37039
40098
30491
11272
38970
44111
48677
35727
22530
13795
18601
9937
5404
29480
32850
48345
18496
48710
10492
32004
49746
22750
13371
47806
29043
37315
22857
47907
44160
46453
31121
13277
852
40496
27280
43606
12000
27662
2446
14316
8951
48106
15353
15517
26179
37202
7236
243
22883
49920
44347
21025
3261
31626
9387
5258
20025
1399
44703
25954
9281
30503
29328
44175
13497
22054
30370
38907
38838
31995
9215
42932
16409
25911
4667
19219
41398
924
26153
39959
22606
2904
24055
25132
29119
27667
14949
14012
18278
14923
48427
17703
382
23677
2354
41326
33369
12988
34019
39405
40073
20157
31952
33237
21205
44495
29367
6262
775
19312
40584
45431
42605
14108
43373
35366
11417
16846
41601
39401
13397
42166
22261
31310
22968
45630
36725
6519
34506
28420
44274
39642
864
28161
20357
41312
10179
28902
37651
37442
48456
21395
37875
2233
34785
45122
16717
150
26597
49007
10640
45559
12685
8105
16764
5158
31241
18088
20025
21691
37136
2762
43446
38912
38260
6163
33501
46851
4970
10568
37131
9323
24889
39045
28848
49574
4626
7190
31466
9391
23731
49221
46506
39457
40639
23197
11302
41488
42883
21806
8772
37567
32710
13833
44988
9455
4157
37200
38884
8966
24948
30787
6888
33809
14784
28888
17122
3040
20014
23178
28835
15146
25597
1175
40386
21057
49281
2490
43400
3324
37061
22799
37972
33070
5024
21835
48059
48943
44300
13800
41602
26354
5019
11956
23666
7638
32522
21515
43265
48338
40702
17036
28575
27112
16351
22952
42757
7869
45911
47850
14131
3682
19743
17248
30286
26869
48651
361
46414
44383
6749
37416
46589
38277
19427
3209
12581
28878
40114
44211
21701
37327
47383
32054
22442
13278
19495
4319
28438
1663
22909
33388
46958
33577
40546
10381
33005
17037
14021
2980
15508
19917
46055
35804
42215
8770
37032
47077
20363
1443
43550
24645
40889
27707
40179
25053
21674
551
39502
40473
5704
15876
6838
44902
32434
42110
28962
21222
18560
45412
4972
15752
47467
10545
7134
46280
22869
967
48150
28184
714
162
28225
33870
18189
16475
30720
14703
48926
47797
11387
40533
35590
4469
27314
46149
31805
45691
2617
28401
7528
37327
26633
18267
4812
28710
21824
9245
18704
28777
31688
6736
8568
20935
40827
461
39451
12293
21439
49501
17728
36131
30139
18161
33839
14218
22147
36561
924
12671
2128
48270
31669
25684
6533
47463
49252
20227
6373
36788
24143
45052
42046
44539
11089
14037
46631
5115
5240
47407
37073
24048
25922
17666
41726
23088
11827
2224
44373
18277
27083
16497
23337
25085
8601
30700
41306
10032
2739
18177
41366
45508
6621
32966
16929
8652
46203
26852
949
8665
4345
32393
41633
32538
48582
3581
28998
37624
33922
11849
44541
11308
6528
18612
7253
10674
19962
36533
30193
11334
31958
5327
16338
8269
23108
16903
547
6708
22608
12254
15206
6628
34506
20623
6488
13160
12779
36420
10002
33442
19844
9632
38281
27464
34262
5881
34494
21550
9057
41486
46907
48319
24715
17700
9506
33261
43516
45125
79
3036
18296
18186
16739
9399
7792
44673
4870
16584
44535
27389
19059
40919
12837
43270
26504
6612
49595
25606
44440
19220
6804
18990
4951
20883
49935
40277
28231
47973
47499
20426
41079
42955
30078
16798
45264
35111
4801
38878
3819
15838
5839
47387
29586
31782
40924
17351
2875
31162
3034
24304
8257
1090
14060
8688
1761
6742
34578
1662
43736
37302
7922
39946
30405
9616
46325
20740
43661
508
33092
32760
6161
22342
38584
20218
6001
6006
36735
42024
19660
19238
7298
46476
1837
32777
15815
40842
6011
21253
44863
13856
35792
6616
19827
14178
33949
22546
38178
33960
44326
38124
12194
20441
29860
7144
6131
584
552
5987
33170
1684
30045
17101
484
2158
28917
41963
46036
26989
34850
3045
10014
42802
41427
16607
10074
38610
35857
8483
819
46166
46212
7532
1536
45786
25611
19562
7038
10726
44286
43406
37782
40912
20395
45350
26037
12560
21622
49111
49547
29131
6105
12709
38593
6410
9115
19708
49514
31002
35607
24314
15947
18940
35265
15644
15606
30885
35114
1175
45774
14765
30626
11949
12571
3018
42158
27881
30721
10873
29261
39591
33296
18364
32944
3962
18754
25350
34332
33054
37309
25504
47776
23459
37699
5716
48659
41687
1687
7466
20169
122
2641
16432
47724
34745
28001
49376
26221
28357
47934
44206
42317
31028
34191
30120
6312
4986
14624
12937
26252
29436
19020
30169
6249
33960
32784
31220
28069
38894
27434
41810
8574
43124
5892
21874
91
22872
7563
31813
46421
41211
8254
9709
35341
37782
22875
9275
32039
28891
38842
836
43527
13241
39548
3662
6512
24324
18355
31619
41790
31498
24142
14057
24510
26957
35734
8468
43651
19670
26570
28265
45534
25614
27892
14871
35755
35196
29407
22115
19987
20107
9666
26222
23621
38484
6431
13261
41960
36388
39572
28800
29318
9823
45062
33833
6029
32240
42215
14089
21894
46288
39184
48545
28062
37719
19882
10741
42215
17428
37365
31215
43903
6200
23735
14298
45870
13483
42302
28465
8758
41000
560
23378
9278
26543
2781
23574
37301
36272
46127
33194
41582
20759
35805
19488
39789
8009
46422
44409
49743
35295
41674
30352
41088
29789
43861
6699
22265
5535
35846
9526
1901
7574
4580
9517
27115
18881
21934
34022
5107
38819
28586
40496
46156
9245
32011
16485
40885
45627
9794
16632
6953
34263
31436
42667
4087
30979
14075
36577
21662
35012
32189
26768
13021
5128
25107
22965
18890
30303
10523
40020
388
11349
49327
17551
43432
15512
10612
3991
12182
8620
22259
17659
25730
25487
39968
1766
8059
47933
39759
41133
21928
23020
29071
4159
1097
27662
20261
28398
2217
20328
10931
5953
36481
35275
27019
31291
46844
20706
9884
47285
30638
25335
15647
14826
22106
49500
33267
37161
28433
32295
8706
24814
6140
18677
44002
590
45631
3665
33460
16393
25309
42095
24107
14751
15072
17926
2019
46075
40479
28235
31810
16673
28390
18002
44817
4574
37219
28353
42215
39246
46658
35583
16185
38228
49473
6396
1427
25998
13918
9778
25305
32849
29185
27396
43024
43941
37742
3470
27567
1951
18051
35725
49292
40157
41020
30580
4972
12042
14426
28181
36692
46283
47296
37364
44345
20889
42050
32592
44162
28449
6959
25397
24667
32565
17537
13280
29336
24011
14849
37405
45919
24210
25816
48207
45928
21357
17998
10189
34387
35609
36697
48703
15949
36511
115
6635
48859
4677
20018
18609
24249
43628
35037
46839
26476
24649
5706
29450
15887
7395
36415
354
27297
17829
48590
46737
46107
36495
1251
44418
47317
33206
7937
42628
46139
38757
13668
34678
9472
44931
8566
48542
3756
29504
42214
25997
14324
46440
15418
12248
22750
43327
8509
37279
20205
34668
42233
6574
42823
16042
6624
33741
17055
26933
28942
4077
29452
43303
21057
5610
49456
11319
41403
33814
27694
12315
46414
43319
39057
22096
19301
4926
37584
21341
42876
22144
43712
42428
48575
26930
39457
5249
6154
34285
36251
25074
30259
16616
45631
45038
32399
35149
28355
19448
39795
8845
33850
28622
25970
44604
11638
10135
12971
21902
26031
11643
7148
20457
16424
38665
11276
29076
36916
13618
18217
195
18708
45029
18693
45201
274
45016
18726
40795
14329
16466
23632
30733
11470
10981
44946
37221
16268
2481
27085
31399
9160
6281
36911
13828
1605
34367
45761
32188
13463
42528
9141
16246
32175
48151
40259
32652
35902
39274
27984
39172
35929
9616
35104
3632
15426
37080
7608
34687
25525
36664
44270
28381
16827
34890
27540
33545
27657
23718
8414
12771
6669
20872
16630
1962
28920
40277
6463
12773
1985
5105
46884
13565
13121
31044
7311
38694
988
6248
9875
6993
18445
25872
36328
26845
211
35109
46952
42053
28639
49766
20155
8158
33673
27993
38218
11465
6827
27467
32249
29740
32751
35786
40845
47074
15268
49434
47969
30459
34930
47530
4199
16051
47357
18787
10632
30038
14273
8480
26045
45692
41007
528
17614
42105
15844
5829
27356
46139
9211
49150
18642
20088
32012
2943
15109
23711
16724
11905
20471
26821
46185
30753
39955
20170
32618
5512
39363
42739
36367
48579
12568
1714
9227
10072
49881
13640
34234
46552
18135
42731
36368
19681
13485
25150
42181
20175
32040
37042
46329
27003
47356
48524
19544
47929
2008
13103
6479
30781
35142
33159
32331
45400
12575
16692
1768
20400
